
AVL tree is 
(5387) 
(2778) (7794) 
(1531) (3927) (6650) (8691) 
(887) (2228) (3369) (4587) (6092) (7277) (8095) (9384) 
(493) (1238) (1937) (2423) (3136) (3623) (4325) (5012) (5783) (6349) (6997) (7540) (7982) (8336) (9108) (9690) 
(281) (676) (1088) (1394) (1706) (2063) (2306) (2601) (2952) (3257) (3466) (3785) (4155) (4482) (4820) (5212) (5569) (5929) (6230) (6506) (6863) (7179) (7374) (7685) (7857) (8024) (8229) (8538) (8928) (9229) (9560) (9842) 
(125) (365) (571) (784) (1001) (1156) (1314) (1487) (1627) (1802) (2010) (2111) (2273) (2363) (2492) (2686) (2872) (2997) (3203) (3318) (3417) (3527) (3680) (3866) (4068) (4260) (4422) (4539) (4730) (4915) (5124) (5322) (5483) (5678) (5857) (6030) (6160) (6273) (6438) (6580) (6749) (6916) (7085) (7228) (7336) (7468) (7588) (7740) (7819) (7918) (8005) (8051) (8168) (8292) (8445) (8607) (8805) (9022) (9171) (9321) (9498) (9632) (9773) (9934) 
(60) (198) (309) (429) (529) (635) (724) (847) (974) (1040) (1128) (1198) (1282) (1361) (1435) (1501) (1560) (1660) (1747) (1874) (1973) (2037) (2091) (2173) (2255) (2291) (2337) (2394) (2451) (2536) (2635) (2727) (2830) (2922) (2973) (3059) (3169) (3237) (3292) (3334) (3383) (3438) (3494) (3590) (3661) (3730) (3827) (3896) (3997) (4108) (4210) (4287) (4371) (4444) (4512) (4568) (4654) (4770) (4879) (4970) (5058) (5172) (5251) (5351) (5422) (5524) (5645) (5737) (5831) (5880) (5976) (6058) (6125) (6190) (6250) (6305) (6388) (6464) (6553) (6602) (6689) (6809) (6899) (6966) (7035) (7132) (7206) (7256) (7302) (7361) (7429) (7506) (7568) (7638) (7717) (7764) (7807) (7846) (7889) (7946) (7995) (8018) (8037) (8068) (8143) (8207) (8261) (8316) (8399) (8491) (8572) (8661) (8737) (8859) (8981) (9082) (9137) (9208) (9292) (9356) (9436) (9529) (9601) (9669) (9719) (9803) (9878) (9957) 
(29) (98) (164) (254) (295) (337) (393) (461) (513) (541) (596) (648) (700) (757) (822) (876) (931) (983) (1012) (1064) (1105) (1143) (1174) (1223) (1256) (1306) (1341) (1380) (1422) (1468) (1493) (1522) (1542) (1590) (1642) (1683) (1727) (1784) (1840) (1889) (1962) (1989) (2026) (2044) (2074) (2101) (2153) (2196) (2246) (2261) (2278) (2298) (2327) (2349) (2380) (2409) (2438) (2476) (2505) (2568) (2619) (2652) (2710) (2755) (2800) (2847) (2903) (2934) (2958) (2981) (3022) (3094) (3150) (3191) (3221) (3242) (3276) (3304) (3325) (3350) (3377) (3401) (3422) (3452) (3484) (3507) (3556) (3609) (3639) (3670) (3709) (3760) (3800) (3851) (3880) (3921) (3951) (4031) (4089) (4134) (4177) (4226) (4279) (4311) (4351) (4401) (4436) (4462) (4493) (4529) (4553) (4581) (4614) (4694) (4754) (4795) (4851) (4902) (4946) (5001) (5027) (5085) (5152) (5194) (5224) (5290) (5335) (5364) (5408) (5435) (5500) (5543) (5606) (5668) (5711) (5764) (5806) (5845) (5872) (5906) (5949) (5991) (6047) (6076) (6111) (6140) (6176) (6216) (6243) (6258) (6290) (6328) (6368) (6414) (6449) (6485) (6533) (6570) (6591) (6627) (6666) (6716) (6785) (6841) (6883) (6907) (6943) (6983) (7017) (7052) (7108) (7152) (7193) (7218) (7243) (7266) (7284) (7322) (7352) (7364) (7399) (7452) (7489) (7517) (7547) (7573) (7606) (7661) (7698) (7729) (7754) (7772) (7798) (7814) (7833) (7851) (7876) (7903) (7935) (7956) (7989) (7999) (8013) (8020) (8028) (8043) (8061) (8083) (8118) (8154) (8190) (8216) (8242) (8283) (8306) (8325) (8366) (8419) (8465) (8507) (8549) (8587) (8628) (8675) (8712) (8778) (8830) (8900) (8956) (8997) (9052) (9092) (9126) (9151) (9189) (9222) (9263) (9300) (9343) (9369) (9413) (9463) (9516) (9541) (9583) (9611) (9650) (9681) (9709) (9755) (9787) (9830) (9860) (9905) (9943) (9970) 
(9) (51) (77) (115) (141) (182) (236) (264) (290) (303) (323) (354) (380) (416) (444) (479) (505) (520) (538) (552) (590) (607) (644) (658) (689) (710) (744) (770) (807) (831) (869) (881) (908) (953) (978) (992) (1007) (1022) (1053) (1080) (1101) (1115) (1136) (1150) (1162) (1184) (1207) (1233) (1245) (1265) (1299) (1310) (1327) (1352) (1368) (1387) (1411) (1426) (1456) (1477) (1490) (1498) (1511) (1528) (1536) (1552) (1575) (1606) (1634) (1649) (1667) (1701) (1718) (1736) (1769) (1791) (1817) (1853) (1881) (1915) (1948) (1969) (1980) (1994) (2022) (2033) (2041) (2054) (2067) (2083) (2096) (2105) (2134) (2161) (2182) (2211) (2235) (2248) (2257) (2268) (2275) (2287) (2294) (2301) (2316) (2335) (2343) (2353) (2374) (2383) (2401) (2418) (2430) (2442) (2462) (2484) (2498) (2529) (2558) (2588) (2605) (2623) (2642) (2662) (2699) (2716) (2744) (2764) (2791) (2806) (2836) (2855) (2891) (2913) (2930) (2943) (2955) (2960) (2976) (2993) (3011) (3034) (3075) (3125) (3145) (3160) (3178) (3199) (3214) (3226) (3239) (3246) (3269) (3287) (3295) (3312) (3321) (3329) (3347) (3364) (3371) (3379) (3398) (3409) (3419) (3429) (3445) (3455) (3475) (3490) (3500) (3517) (3538) (3567) (3599) (3615) (3631) (3646) (3663) (3678) (3695) (3721) (3744) (3769) (3789) (3814) (3838) (3859) (3876) (3887) (3909) (3924) (3941) (3971) (4018) (4044) (4081) (4099) (4117) (4147) (4167) (4192) (4219) (4241) (4265) (4283) (4297) (4317) (4341) (4366) (4388) (4411) (4428) (4440) (4452) (4473) (4487) (4507) (4524) (4536) (4548) (4563) (4572) (4584) (4604) (4629) (4674) (4713) (4740) (4763) (4783) (4813) (4832) (4858) (4893) (4909) (4931) (4957) (4985) (5009) (5019) (5048) (5080) (5106) (5140) (5165) (5187) (5206) (5219) (5237) (5274) (5305) (5329) (5341) (5355) (5380) (5394) (5414) (5426) (5458) (5491) (5512) (5534) (5552) (5591) (5625) (5659) (5674) (5696) (5730) (5744) (5772) (5796) (5819) (5842) (5853) (5862) (5874) (5895) (5917) (5940) (5956) (5985) (6009) (6036) (6053) (6068) (6082) (6105) (6122) (6131) (6148) (6171) (6181) (6203) (6222) (6239) (6247) (6253) (6261) (6278) (6299) (6313) (6341) (6356) (6383) (6404) (6425) (6446) (6455) (6472) (6497) (6514) (6546) (6561) (6573) (6586) (6596) (6617) (6635) (6659) (6677) (6709) (6733) (6769) (6795) (6829) (6852) (6873) (6893) (6904) (6912) (6926) (6950) (6971) (6991) (7006) (7024) (7040) (7070) (7093) (7124) (7138) (7164) (7187) (7200) (7210) (7224) (7236) (7250) (7260) (7270) (7281) (7290) (7309) (7331) (7344) (7358) (7362) (7370) (7387) (7410) (7441) (7458) (7480) (7501) (7511) (7530) (7543) (7557) (7571) (7582) (7598) (7622) (7648) (7670) (7691) (7709) (7723) (7733) (7745) (7758) (7770) (7777) (7797) (7804) (7810) (7815) (7825) (7837) (7850) (7854) (7869) (7884) (7893) (7912) (7928) (7942) (7950) (7968) (7985) (7991) (7998) (8003) (8011) (8015) (8019) (8022) (8026) (8032) (8041) (8047) (8054) (8065) (8072) (8090) (8108) (8132) (8148) (8158) (8180) (8199) (8212) (8224) (8236) (8254) (8271) (8288) (8296) (8312) (8321) (8327) (8342) (8383) (8412) (8434) (8451) (8481) (8500) (8523) (8543) (8561) (8582) (8594) (8617) (8645) (8669) (8682) (8702) (8722) (8763) (8794) (8820) (8840) (8873) (8917) (8945) (8970) (8990) (9011) (9037) (9068) (9087) (9096) (9118) (9131) (9145) (9162) (9180) (9197) (9215) (9225) (9251) (9278) (9295) (9315) (9333) (9349) (9365) (9373) (9399) (9429) (9452) (9480) (9508) (9519) (9534) (9552) (9570) (9592) (9606) (9619) (9640) (9660) (9677) (9684) (9702) (9711) (9736) (9765) (9781) (9792) (9812) (9834) (9849) (9865) (9886) (9916) (9938) (9951) (9963) (9987) 
(4) (18) (38) (57) (70) (85) (110) (118) (130) (155) (173) (187) (217) (243) (261) (270) (287) (293) (298) (305) (314) (331) (348) (359) (372) (387) (404) (422) (436) (451) (470) (488) (499) (510) (515) (525) (533) (539) (546) (564) (580) (593) (603) (615) (640) (645) (654) (667) (683) (692) (704) (716) (737) (752) (763) (775) (798) (817) (826) (839) (858) (872) (879) (883) (897) (922) (944) (965) (976) (980) (986) (995) (1005) (1010) (1018) (1033) (1044) (1056) (1071) (1084) (1092) (1104) (1110) (1121) (1133) (1138) (1148) (1154) (1160) (1172) (1180) (1188) (1202) (1217) (1226) (1236) (1241) (1250) (1261) (1273) (1289) (1305) (1309) (1313) (1321) (1336) (1344) (1354) (1366) (1379) (1383) (1392) (1403) (1415) (1424) (1430) (1443) (1460) (1475) (1485) (1488) (1492) (1495) (1500) (1505) (1515) (1523) (1529) (1534) (1537) (1547) (1557) (1566) (1584) (1599) (1615) (1632) (1637) (1644) (1654) (1663) (1677) (1693) (1704) (1713) (1722) (1729) (1743) (1760) (1774) (1787) (1795) (1810) (1826) (1848) (1861) (1879) (1885) (1901) (1925) (1941) (1956) (1965) (1971) (1977) (1983) (1992) (2001) (2014) (2025) (2030) (2035) (2039) (2043) (2049) (2059) (2065) (2072) (2075) (2087) (2093) (2098) (2104) (2108) (2123) (2148) (2159) (2164) (2177) (2188) (2201) (2219) (2232) (2239) (2247) (2250) (2256) (2259) (2262) (2272) (2274) (2276) (2284) (2289) (2293) (2297) (2299) (2303) (2311) (2325) (2329) (2336) (2340) (2347) (2351) (2357) (2367) (2377) (2382) (2387) (2399) (2405) (2413) (2421) (2427) (2433) (2440) (2445) (2459) (2471) (2482) (2487) (2495) (2502) (2517) (2533) (2545) (2564) (2581) (2593) (2603) (2613) (2621) (2631) (2639) (2648) (2660) (2672) (2696) (2701) (2712) (2723) (2736) (2752) (2761) (2773) (2785) (2796) (2803) (2817) (2832) (2843) (2852) (2861) (2881) (2895) (2907) (2919) (2927) (2931) (2937) (2946) (2957) (2959) (2965) (2974) (2978) (2984) (2995) (3003) (3018) (3025) (3044) (3070) (3084) (3108) (3134) (3141) (3147) (3153) (3163) (3173) (3184) (3194) (3201) (3208) (3216) (3223) (3229) (3238) (3240) (3245) (3254) (3260) (3273) (3281) (3289) (3294) (3298) (3308) (3316) (3320) (3322) (3328) (3333) (3339) (3349) (3355) (3368) (3370) (3374) (3382) (3389) (3399) (3405) (3413) (3418) (3420) (3427) (3436) (3440) (3447) (3453) (3460) (3470) (3481) (3487) (3492) (3496) (3504) (3513) (3523) (3533) (3542) (3563) (3575) (3594) (3606) (3612) (3619) (3625) (3634) (3643) (3655) (3662) (3667) (3675) (3679) (3683) (3703) (3717) (3727) (3737) (3751) (3765) (3779) (3787) (3794) (3808) (3819) (3830) (3847) (3856) (3861) (3871) (3878) (3883) (3891) (3903) (3917) (3922) (3926) (3935) (3944) (3959) (3984) (4011) (4023) (4038) (4056) (4071) (4084) (4092) (4104) (4113) (4126) (4141) (4150) (4164) (4174) (4187) (4201) (4214) (4222) (4233) (4255) (4264) (4272) (4281) (4285) (4293) (4304) (4315) (4320) (4330) (4348) (4363) (4368) (4376) (4396) (4407) (4417) (4425) (4431) (4438) (4443) (4447) (4455) (4466) (4478) (4486) (4489) (4501) (4510) (4520) (4526) (4533) (4537) (4545) (4551) (4557) (4566) (4570) (4577) (4582) (4585) (4596) (4608) (4622) (4644) (4665) (4684) (4698) (4721) (4733) (4746) (4760) (4768) (4775) (4790) (4802) (4816) (4827) (4836) (4855) (4866) (4885) (4897) (4904) (4912) (4919) (4935) (4950) (4961) (4978) (4995) (5005) (5011) (5015) (5022) (5034) (5055) (5070) (5082) (5098) (5113) (5132) (5148) (5156) (5170) (5178) (5191) (5199) (5210) (5217) (5221) (5230) (5247) (5261) (5282) (5293) (5315) (5326) (5333) (5339) (5345) (5353) (5361) (5369) (5384) (5389) (5401) (5412) (5416) (5424) (5430) (5445) (5473) (5488) (5497) (5508) (5519) (5529) (5539) (5546) (5563) (5580) (5596) (5613) (5634) (5656) (5663) (5670) (5677) (5689) (5705) (5724) (5734) (5740) (5753) (5768) (5776) (5790) (5801) (5812) (5826) (5840) (5843) (5850) (5854) (5859) (5868) (5873) (5877) (5890) (5901) (5914) (5924) (5936) (5946) (5952) (5970) (5980) (5989) (5999) (6022) (6034) (6040) (6051) (6056) (6066) (6072) (6078) (6088) (6096) (6108) (6117) (6124) (6128) (6135) (6144) (6157) (6165) (6174) (6178) (6185) (6197) (6211) (6220) (6227) (6235) (6241) (6245) (6249) (6252) (6256) (6260) (6268) (6275) (6285) (6296) (6300) (6310) (6320) (6336) (6344) (6354) (6361) (6376) (6387) (6393) (6410) (6423) (6430) (6441) (6448) (6451) (6458) (6467) (6481) (6492) (6500) (6509) (6528) (6540) (6549) (6556) (6563) (6572) (6577) (6583) (6588) (6593) (6600) (6611) (6620) (6632) (6641) (6653) (6664) (6670) (6683) (6702) (6711) (6725) (6743) (6759) (6774) (6789) (6800) (6820) (6837) (6846) (6856) (6869) (6878) (6888) (6897) (6903) (6905) (6909) (6914) (6923) (6932) (6947) (6957) (6968) (6978) (6988) (6995) (7002) (7013) (7020) (7028) (7038) (7043) (7058) (7079) (7091) (7097) (7115) (7127) (7136) (7142) (7158) (7168) (7184) (7191) (7195) (7202) (7209) (7216) (7220) (7227) (7232) (7239) (7247) (7251) (7258) (7264) (7268) (7273) (7279) (7282) (7285) (7295) (7305) (7315) (7329) (7335) (7340) (7347) (7355) (7359) (7363) (7367) (7372) (7376) (7396) (7406) (7419) (7437) (7446) (7455) (7463) (7473) (7484) (7495) (7503) (7509) (7514) (7524) (7537) (7541) (7544) (7554) (7564) (7570) (7572) (7576) (7584) (7592) (7602) (7617) (7626) (7642) (7655) (7666) (7678) (7687) (7694) (7704) (7714) (7720) (7725) (7732) (7737) (7744) (7751) (7757) (7761) (7765) (7771) (7775) (7785) (7796) (7800) (7806) (7809) (7812) (7818) (7823) (7829) (7835) (7842) (7848) (7852) (7855) (7861) (7871) (7879) (7886) (7890) (7894) (7905) (7916) (7920) (7931) (7938) (7945) (7947) (7954) (7960) (7974) (7983) (7987) (7990) (7992) (7997) (8001) (8004) (8010) (8012) (8021) (8023) (8027) (8031) (8033) (8039) (8045) (8050) (8052) (8056) (8062) (8070) (8076) (8089) (8092) (8099) (8112) (8128) (8135) (8146) (8151) (8156) (8161) (8175) (8185) (8192) (8204) (8210) (8215) (8219) (8225) (8231) (8239) (8246) (8258) (8264) (8277) (8286) (8290) (8294) (8303) (8309) (8314) (8318) (8324) (8326) (8330) (8339) (8356) (8372) (8391) (8402) (8415) (8428) (8438) (8448) (8457) (8473) (8487) (8497) (8502) (8515) (8531) (8540) (8546) (8558) (8567) (8575) (8585) (8592) (8603) (8612) (8621) (8633) (8653) (8665) (8672) (8679) (8689) (8699) (8708) (8719) (8727) (8752) (8774) (8785) (8800) (8815) (8826) (8837) (8851) (8864) (8884) (8907) (8922) (8937) (8953) (8963) (8977) (8988) (8994) (9004) (9016) (9028) (9042) (9061) (9079) (9084) (9089) (9094) (9099) (9115) (9121) (9129) (9132) (9139) (9147) (9158) (9165) (9175) (9184) (9193) (9205) (9212) (9218) (9223) (9227) (9241) (9258) (9270) (9282) (9293) (9297) (9306) (9318) (9327) (9337) (9347) (9353) (9359) (9367) (9370) (9380) (9392) (9404) (9422) (9433) (9445) (9456) (9470) (9491) (9502) (9510) (9517) (9521) (9532) (9539) (9544) (9555) (9564) (9575) (9588) (9594) (9605) (9609) (9615) (9627) (9635) (9644) (9652) (9664) (9674) (9679) (9686) (9694) (9705) (9710) (9717) (9730) (9745) (9760) (9771) (9777) (9783) (9791) (9794) (9808) (9819) (9832) (9837) (9847) (9852) (9863) (9874) (9884) (9896) (9912) (9928) (9936) (9939) (9947) (9955) (9959) (9967) (9977) (9993) 
(1) (6) (13) (20) (33) (43) (54) (58) (64) (73) (82) (91) (105) (114) (117) (121) (128) (137) (150) (161) (166) (178) (184) (193) (211) (227) (238) (251) (258) (263) (267) (273) (283) (288) (291) (294) (297) (301) (304) (307) (311) (320) (327) (335) (340) (351) (357) (361) (369) (377) (382) (390) (400) (410) (419) (425) (431) (438) (447) (458) (463) (472) (486) (490) (496) (500) (509) (511) (514) (517) (524) (527) (531) (534) (540) (544) (550) (559) (568) (575) (588) (592) (594) (599) (605) (611) (627) (637) (642) (647) (651) (656) (660) (674) (681) (686) (691) (697) (702) (708) (712) (721) (733) (741) (746) (755) (759) (767) (773) (778) (792) (802) (810) (820) (825) (828) (836) (844) (852) (866) (870) (874) (877) (880) (882) (885) (889) (902) (912) (926) (939) (948) (960) (968) (975) (979) (981) (984) (988) (993) (998) (1003) (1006) (1009) (1015) (1020) (1028) (1036) (1042) (1051) (1054) (1059) (1066) (1077) (1082) (1087) (1090) (1095) (1102) (1108) (1112) (1118) (1124) (1130) (1135) (1137) (1140) (1147) (1149) (1153) (1155) (1158) (1161) (1167) (1173) (1175) (1182) (1186) (1192) (1199) (1205) (1212) (1221) (1225) (1227) (1234) (1237) (1239) (1244) (1247) (1255) (1258) (1263) (1270) (1276) (1288) (1296) (1303) (1307) (1311) (1316) (1324) (1334) (1338) (1342) (1350) (1353) (1356) (1362) (1367) (1377) (1382) (1386) (1389) (1393) (1397) (1409) (1414) (1419) (1425) (1428) (1433) (1439) (1449) (1458) (1464) (1473) (1476) (1479) (1486) (1491) (1494) (1497) (1499) (1504) (1506) (1512) (1520) (1530) (1535) (1545) (1550) (1555) (1559) (1564) (1569) (1578) (1586) (1592) (1602) (1611) (1626) (1628) (1633) (1636) (1639) (1643) (1648) (1653) (1656) (1661) (1666) (1669) (1680) (1690) (1696) (1703) (1705) (1709) (1715) (1719) (1724) (1728) (1730) (1739) (1745) (1755) (1764) (1771) (1777) (1785) (1790) (1793) (1798) (1806) (1813) (1821) (1835) (1843) (1851) (1859) (1868) (1878) (1880) (1883) (1887) (1895) (1906) (1919) (1930) (1938) (1943) (1954) (1958) (1963) (1966) (1972) (1974) (1978) (1982) (1985) (1991) (1993) (1996) (2003) (2012) (2019) (2024) (2029) (2031) (2034) (2036) (2038) (2040) (2042) (2046) (2052) (2057) (2061) (2064) (2066) (2070) (2073) (2081) (2084) (2089) (2092) (2095) (2099) (2102) (2107) (2110) (2119) (2132) (2141) (2152) (2156) (2160) (2162) (2167) (2174) (2178) (2184) (2191) (2198) (2204) (2213) (2226) (2229) (2233) (2236) (2245) (2249) (2252) (2267) (2270) (2277) (2281) (2286) (2290) (2292) (2295) (2300) (2302) (2304) (2309) (2314) (2323) (2326) (2328) (2332) (2339) (2342) (2346) (2348) (2350) (2352) (2354) (2362) (2364) (2369) (2375) (2378) (2381) (2384) (2395) (2400) (2403) (2408) (2411) (2415) (2419) (2422) (2425) (2429) (2432) (2434) (2439) (2441) (2444) (2446) (2454) (2461) (2465) (2474) (2479) (2483) (2486) (2490) (2494) (2497) (2500) (2503) (2509) (2524) (2531) (2534) (2541) (2552) (2560) (2566) (2574) (2585) (2591) (2597) (2602) (2604) (2608) (2616) (2620) (2622) (2627) (2632) (2636) (2640) (2645) (2650) (2655) (2661) (2668) (2677) (2691) (2698) (2700) (2704) (2711) (2714) (2720) (2724) (2732) (2742) (2748) (2753) (2758) (2762) (2767) (2776) (2782) (2789) (2793) (2799) (2801) (2804) (2814) (2823) (2831) (2834) (2839) (2845) (2848) (2854) (2858) (2865) (2877) (2887) (2893) (2901) (2905) (2910) (2917) (2920) (2925) (2928) (2933) (2935) (2941) (2945) (2950) (2966) (2975) (2977) (2979) (2982) (2987) (2994) (2996) (3000) (3008) (3016) (3019) (3024) (3032) (3038) (3051) (3063) (3073) (3080) (3087) (3102) (3119) (3131) (3135) (3138) (3142) (3148) (3152) (3157) (3161) (3166) (3171) (3174) (3182) (3188) (3192) (3196) (3200) (3202) (3206) (3210) (3220) (3222) (3224) (3234) (3243) (3250) (3256) (3259) (3261) (3272) (3274) (3280) (3282) (3288) (3291) (3293) (3297) (3302) (3305) (3309) (3315) (3317) (3324) (3326) (3336) (3341) (3348) (3352) (3362) (3365) (3373) (3376) (3386) (3392) (3400) (3404) (3406) (3410) (3415) (3423) (3428) (3430) (3439) (3442) (3446) (3448) (3454) (3459) (3462) (3467) (3473) (3477) (3483) (3486) (3488) (3493) (3495) (3497) (3502) (3505) (3511) (3514) (3520) (3524) (3530) (3534) (3540) (3548) (3559) (3564) (3569) (3580) (3592) (3597) (3605) (3607) (3611) (3613) (3616) (3622) (3624) (3629) (3632) (3638) (3641) (3645) (3653) (3657) (3665) (3668) (3676) (3682) (3692) (3701) (3705) (3715) (3719) (3726) (3728) (3732) (3740) (3749) (3758) (3762) (3767) (3774) (3782) (3786) (3788) (3791) (3798) (3805) (3812) (3816) (3823) (3828) (3833) (3843) (3848) (3854) (3857) (3862) (3869) (3873) (3877) (3879) (3882) (3885) (3889) (3892) (3900) (3905) (3915) (3919) (3923) (3925) (3932) (3940) (3942) (3949) (3955) (3965) (3980) (3991) (4004) (4016) (4020) (4027) (4033) (4041) (4048) (4062) (4070) (4073) (4082) (4088) (4090) (4097) (4101) (4106) (4111) (4115) (4124) (4131) (4138) (4146) (4149) (4152) (4159) (4166) (4172) (4176) (4181) (4188) (4195) (4206) (4212) (4216) (4221) (4224) (4229) (4236) (4247) (4256) (4261) (4267) (4275) (4280) (4282) (4284) (4286) (4290) (4295) (4299) (4309) (4314) (4316) (4318) (4324) (4327) (4338) (4346) (4350) (4359) (4364) (4367) (4370) (4374) (4386) (4392) (4397) (4404) (4408) (4415) (4419) (4423) (4426) (4429) (4432) (4441) (4445) (4448) (4454) (4458) (4464) (4472) (4477) (4479) (4488) (4492) (4496) (4505) (4509) (4511) (4514) (4523) (4525) (4527) (4530) (4534) (4538) (4543) (4546) (4549) (4552) (4555) (4562) (4565) (4567) (4569) (4571) (4574) (4580) (4586) (4593) (4600) (4606) (4611) (4619) (4626) (4636) (4648) (4658) (4670) (4681) (4686) (4696) (4703) (4719) (4724) (4732) (4736) (4742) (4750) (4758) (4762) (4765) (4769) (4773) (4780) (4788) (4792) (4798) (4811) (4814) (4818) (4823) (4830) (4834) (4841) (4854) (4857) (4864) (4873) (4883) (4888) (4894) (4900) (4903) (4905) (4910) (4914) (4917) (4922) (4933) (4938) (4947) (4952) (4960) (4968) (4975) (4982) (4987) (4996) (5003) (5006) (5010) (5014) (5016) (5021) (5024) (5032) (5043) (5052) (5056) (5064) (5074) (5081) (5083) (5091) (5101) (5109) (5116) (5129) (5136) (5144) (5149) (5154) (5161) (5166) (5171) (5176) (5182) (5189) (5192) (5197) (5204) (5207) (5211) (5214) (5218) (5220) (5223) (5227) (5234) (5241) (5248) (5254) (5267) (5278) (5288) (5291) (5300) (5309) (5317) (5324) (5327) (5330) (5334) (5337) (5340) (5343) (5348) (5352) (5354) (5358) (5362) (5367) (5375) (5382) (5386) (5388) (5392) (5397) (5405) (5410) (5413) (5415) (5418) (5423) (5425) (5429) (5433) (5437) (5451) (5465) (5475) (5485) (5489) (5495) (5498) (5505) (5510) (5514) (5521) (5526) (5531) (5538) (5540) (5545) (5549) (5558) (5567) (5574) (5588) (5594) (5604) (5610) (5618) (5631) (5639) (5652) (5658) (5662) (5666) (5669) (5673) (5676) (5681) (5691) (5703) (5707) (5720) (5728) (5732) (5736) (5739) (5742) (5747) (5756) (5766) (5771) (5773) (5778) (5787) (5792) (5798) (5805) (5809) (5813) (5822) (5828) (5835) (5841) (5844) (5856) (5858) (5860) (5867) (5870) (5876) (5879) (5885) (5893) (5897) (5904) (5910) (5915) (5922) (5928) (5933) (5937) (5942) (5947) (5951) (5954) (5959) (5973) (5979) (5982) (5987) (5990) (5996) (6004) (6011) (6024) (6033) (6035) (6038) (6043) (6048) (6052) (6054) (6057) (6060) (6067) (6071) (6074) (6077) (6079) (6084) (6089) (6093) (6102) (6106) (6110) (6116) (6119) (6123) (6126) (6129) (6132) (6137) (6142) (6146) (6154) (6158) (6163) (6169) (6173) (6175) (6177) (6179) (6182) (6188) (6191) (6198) (6207) (6215) (6218) (6221) (6225) (6228) (6231) (6240) (6244) (6246) (6251) (6255) (6257) (6259) (6265) (6271) (6274) (6277) (6280) (6287) (6292) (6297) (6301) (6307) (6312) (6318) (6324) (6331) (6339) (6343) (6348) (6351) (6355) (6359) (6365) (6370) (6381) (6385) (6390) (6397) (6408) (6412) (6419) (6424) (6429) (6433) (6440) (6443) (6447) (6450) (6452) (6457) (6462) (6466) (6469) (6477) (6483) (6489) (6494) (6499) (6504) (6507) (6511) (6523) (6529) (6538) (6543) (6547) (6551) (6555) (6558) (6562) (6568) (6576) (6578) (6581) (6585) (6587) (6589) (6592) (6594) (6597) (6601) (6608) (6615) (6618) (6622) (6630) (6633) (6638) (6646) (6652) (6657) (6661) (6665) (6668) (6673) (6680) (6686) (6700) (6707) (6710) (6713) (6719) (6729) (6735) (6747) (6755) (6764) (6772) (6781) (6788) (6791) (6797) (6803) (6816) (6826) (6834) (6839) (6843) (6849) (6854) (6858) (6866) (6871) (6876) (6880) (6886) (6895) (6898) (6902) (6908) (6913) (6915) (6918) (6925) (6930) (6939) (6946) (6949) (6952) (6962) (6967) (6970) (6975) (6981) (6985) (6990) (6996) (6998) (7005) (7010) (7015) (7018) (7023) (7026) (7033) (7037) (7039) (7042) (7044) (7055) (7061) (7072) (7081) (7089) (7092) (7095) (7100) (7112) (7120) (7125) (7129) (7135) (7141) (7145) (7157) (7160) (7167) (7173) (7181) (7185) (7190) (7192) (7194) (7198) (7201) (7204) (7208) (7214) (7217) (7219) (7222) (7225) (7230) (7235) (7237) (7242) (7244) (7248) (7261) (7265) (7272) (7275) (7278) (7280) (7288) (7293) (7301) (7303) (7308) (7314) (7320) (7326) (7330) (7333) (7339) (7341) (7345) (7351) (7357) (7365) (7368) (7371) (7373) (7375) (7384) (7393) (7397) (7403) (7408) (7414) (7423) (7434) (7438) (7443) (7451) (7454) (7456) (7460) (7465) (7471) (7479) (7482) (7487) (7491) (7498) (7502) (7504) (7508) (7510) (7513) (7516) (7522) (7527) (7533) (7539) (7542) (7546) (7550) (7556) (7561) (7566) (7569) (7575) (7579) (7583) (7587) (7590) (7597) (7601) (7604) (7610) (7620) (7623) (7631) (7640) (7644) (7652) (7656) (7663) (7668) (7674) (7683) (7686) (7688) (7693) (7695) (7700) (7706) (7711) (7716) (7718) (7722) (7724) (7728) (7731) (7735) (7738) (7742) (7747) (7753) (7756) (7760) (7763) (7768) (7774) (7776) (7784) (7787) (7799) (7821) (7828) (7830) (7834) (7836) (7841) (7844) (7853) (7858) (7864) (7870) (7874) (7878) (7883) (7885) (7887) (7892) (7895) (7915) (7917) (7919) (7923) (7929) (7936) (7940) (7943) (7949) (7951) (7959) (7965) (7972) (7976) (7984) (7988) (7994) (8002) (8029) (8055) (8057) (8069) (8071) (8075) (8079) (8098) (8106) (8110) (8115) (8124) (8130) (8134) (8139) (8145) (8147) (8150) (8152) (8155) (8157) (8160) (8165) (8171) (8176) (8182) (8187) (8191) (8195) (8203) (8206) (8209) (8211) (8217) (8222) (8227) (8230) (8233) (8237) (8240) (8243) (8251) (8255) (8259) (8262) (8265) (8276) (8280) (8284) (8289) (8291) (8293) (8297) (8304) (8307) (8311) (8315) (8317) (8320) (8323) (8335) (8338) (8340) (8347) (8364) (8371) (8378) (8387) (8395) (8400) (8404) (8413) (8417) (8425) (8431) (8436) (8441) (8446) (8450) (8453) (8459) (8469) (8475) (8483) (8489) (8492) (8499) (8501) (8505) (8510) (8519) (8526) (8535) (8539) (8541) (8544) (8548) (8551) (8559) (8565) (8570) (8574) (8578) (8583) (8586) (8590) (8593) (8595) (8605) (8609) (8614) (8619) (8625) (8630) (8636) (8652) (8657) (8662) (8666) (8670) (8674) (8677) (8681) (8687) (8690) (8697) (8700) (8705) (8710) (8716) (8721) (8724) (8733) (8744) (8755) (8767) (8776) (8781) (8790) (8795) (8803) (8809) (8818) (8824) (8829) (8835) (8838) (8848) (8853) (8861) (8866) (8879) (8894) (8903) (8912) (8919) (8925) (8933) (8942) (8947) (8955) (8961) (8968) (8972) (8979) (8987) (8989) (8991) (8996) (9001) (9007) (9013) (9018) (9024) (9031) (9039) (9049) (9054) (9063) (9075) (9081) (9083) (9086) (9088) (9091) (9095) (9098) (9102) (9112) (9116) (9119) (9124) (9127) (9130) (9135) (9138) (9142) (9146) (9148) (9155) (9160) (9163) (9169) (9173) (9178) (9182) (9186) (9190) (9196) (9201) (9206) (9211) (9214) (9217) (9219) (9226) (9228) (9235) (9243) (9256) (9260) (9266) (9271) (9280) (9288) (9296) (9298) (9302) (9308) (9317) (9320) (9324) (9330) (9335) (9340) (9344) (9348) (9350) (9354) (9357) (9362) (9366) (9368) (9371) (9376) (9382) (9389) (9396) (9402) (9410) (9417) (9424) (9431) (9434) (9440) (9448) (9454) (9459) (9468) (9475) (9486) (9493) (9500) (9504) (9509) (9513) (9518) (9520) (9525) (9530) (9533) (9536) (9540) (9543) (9546) (9553) (9557) (9562) (9568) (9572) (9577) (9587) (9590) (9593) (9599) (9603) (9607) (9610) (9614) (9617) (9620) (9631) (9634) (9639) (9641) (9646) (9651) (9657) (9665) (9673) (9676) (9678) (9680) (9691) (9701) (9704) (9707) (9716) (9723) (9731) (9742) (9748) (9757) (9763) (9766) (9772) (9774) (9778) (9782) (9785) (9790) (9793) (9797) (9806) (9810) (9816) (9827) (9831) (9833) (9836) (9839) (9844) (9848) (9850) (9854) (9861) (9864) (9868) (9876) (9879) (9885) (9889) (9900) (9908) (9913) (9921) (9933) (9935) (9937) (9940) (9945) (9949) (9953) (9956) (9958) (9961) (9965) (9968) (9971) (9983) (9989) (10000) 
(2) (5) (7) (11) (15) (19) (24) (31) (35) (40) (49) (53) (55) (59) (62) (68) (72) (75) (78) (84) (87) (95) (100) (108) (111) (116) (119) (123) (127) (129) (132) (140) (143) (152) (159) (162) (165) (171) (175) (180) (183) (186) (188) (197) (203) (214) (223) (230) (237) (240) (246) (252) (256) (259) (262) (266) (269) (271) (277) (286) (289) (296) (302) (306) (312) (322) (324) (332) (336) (338) (346) (350) (353) (360) (362) (366) (371) (375) (379) (381) (386) (388) (392) (397) (402) (407) (412) (418) (421) (428) (430) (432) (437) (441) (445) (449) (457) (460) (462) (467) (471) (475) (484) (487) (489) (492) (495) (497) (501) (507) (518) (521) (526) (528) (530) (532) (537) (542) (545) (547) (551) (556) (562) (565) (570) (574) (577) (585) (589) (591) (597) (600) (604) (606) (608) (614) (620) (630) (636) (638) (643) (650) (652) (655) (659) (662) (670) (675) (680) (682) (684) (687) (699) (701) (703) (707) (709) (711) (714) (719) (722) (728) (735) (738) (742) (745) (748) (753) (756) (758) (761) (764) (769) (772) (774) (776) (781) (790) (794) (800) (805) (809) (812) (819) (821) (827) (835) (841) (846) (849) (854) (860) (868) (871) (873) (886) (888) (894) (898) (903) (911) (919) (923) (928) (935) (941) (947) (951) (959) (961) (966) (971) (985) (987) (991) (994) (997) (1000) (1004) (1014) (1017) (1019) (1021) (1027) (1029) (1037) (1043) (1047) (1052) (1055) (1057) (1063) (1065) (1069) (1075) (1078) (1083) (1089) (1091) (1093) (1096) (1107) (1109) (1111) (1113) (1117) (1122) (1126) (1129) (1132) (1134) (1139) (1141) (1146) (1152) (1164) (1168) (1181) (1183) (1185) (1187) (1191) (1193) (1201) (1204) (1210) (1214) (1218) (1222) (1230) (1235) (1242) (1246) (1248) (1252) (1257) (1262) (1264) (1267) (1271) (1275) (1281) (1285) (1295) (1298) (1315) (1319) (1323) (1325) (1328) (1335) (1337) (1339) (1343) (1355) (1358) (1381) (1385) (1395) (1401) (1404) (1410) (1413) (1418) (1421) (1427) (1431) (1434) (1436) (1441) (1446) (1451) (1457) (1463) (1466) (1469) (1478) (1482) (1503) (1509) (1516) (1521) (1549) (1556) (1563) (1565) (1568) (1572) (1577) (1585) (1587) (1591) (1595) (1601) (1605) (1609) (1613) (1617) (1630) (1635) (1638) (1640) (1646) (1658) (1662) (1665) (1668) (1674) (1678) (1681) (1687) (1691) (1695) (1699) (1702) (1708) (1711) (1720) (1725) (1735) (1737) (1742) (1744) (1746) (1752) (1757) (1762) (1766) (1773) (1775) (1778) (1788) (1792) (1794) (1797) (1801) (1805) (1807) (1812) (1814) (1820) (1824) (1833) (1839) (1841) (1845) (1852) (1857) (1860) (1863) (1869) (1877) (1882) (1888) (1893) (1899) (1903) (1910) (1918) (1922) (1927) (1933) (1942) (1949) (1957) (1959) (1967) (1976) (1981) (1984) (1987) (1990) (1995) (1997) (2002) (2007) (2015) (2021) (2032) (2045) (2051) (2053) (2056) (2058) (2060) (2062) (2086) (2112) (2121) (2125) (2133) (2138) (2142) (2149) (2155) (2158) (2163) (2165) (2168) (2175) (2187) (2190) (2193) (2197) (2200) (2203) (2207) (2212) (2216) (2224) (2227) (2234) (2282) (2308) (2313) (2315) (2321) (2324) (2338) (2341) (2345) (2366) (2368) (2372) (2397) (2407) (2410) (2412) (2417) (2426) (2428) (2436) (2449) (2452) (2458) (2460) (2464) (2468) (2473) (2475) (2477) (2481) (2485) (2488) (2491) (2493) (2499) (2501) (2504) (2507) (2513) (2521) (2526) (2532) (2539) (2542) (2548) (2556) (2561) (2565) (2567) (2571) (2576) (2583) (2587) (2590) (2592) (2595) (2598) (2607) (2610) (2614) (2618) (2624) (2629) (2634) (2637) (2644) (2647) (2651) (2653) (2658) (2664) (2670) (2673) (2684) (2687) (2693) (2697) (2702) (2705) (2719) (2721) (2725) (2729) (2734) (2739) (2743) (2747) (2751) (2766) (2771) (2775) (2781) (2784) (2787) (2790) (2792) (2794) (2802) (2812) (2816) (2820) (2824) (2835) (2837) (2841) (2844) (2851) (2857) (2859) (2863) (2867) (2874) (2879) (2883) (2889) (2892) (2894) (2896) (2906) (2909) (2912) (2916) (2924) (2936) (2940) (2942) (2944) (2947) (2951) (2990) (3002) (3004) (3009) (3017) (3023) (3028) (3033) (3037) (3040) (3047) (3054) (3060) (3065) (3071) (3074) (3078) (3082) (3086) (3091) (3099) (3103) (3112) (3120) (3128) (3133) (3137) (3139) (3144) (3151) (3154) (3158) (3162) (3164) (3170) (3172) (3175) (3180) (3183) (3186) (3189) (3198) (3204) (3207) (3209) (3258) (3266) (3275) (3296) (3299) (3303) (3313) (3335) (3337) (3340) (3342) (3353) (3356) (3363) (3385) (3387) (3391) (3394) (3403) (3412) (3414) (3416) (3441) (3449) (3456) (3469) (3479) (3485) (3498) (3506) (3508) (3516) (3519) (3522) (3525) (3529) (3535) (3539) (3541) (3545) (3555) (3557) (3562) (3566) (3568) (3573) (3577) (3585) (3591) (3593) (3596) (3601) (3618) (3621) (3628) (3635) (3654) (3656) (3659) (3684) (3694) (3697) (3702) (3704) (3706) (3714) (3722) (3731) (3733) (3739) (3741) (3746) (3750) (3752) (3761) (3764) (3768) (3770) (3778) (3781) (3783) (3790) (3795) (3802) (3806) (3810) (3813) (3815) (3818) (3821) (3824) (3829) (3832) (3841) (3845) (3850) (3853) (3855) (3868) (3872) (3874) (3881) (3886) (3895) (3899) (3902) (3908) (3911) (3916) (3918) (3920) (3930) (3934) (3939) (3943) (3947) (3950) (3954) (3957) (3961) (3969) (3979) (3982) (3986) (3995) (3999) (4008) (4012) (4017) (4019) (4021) (4025) (4030) (4032) (4037) (4040) (4043) (4046) (4050) (4058) (4065) (4069) (4072) (4074) (4083) (4086) (4091) (4096) (4098) (4100) (4102) (4107) (4110) (4112) (4114) (4121) (4125) (4130) (4133) (4137) (4140) (4142) (4151) (4165) (4170) (4173) (4175) (4179) (4184) (4191) (4194) (4198) (4202) (4208) (4213) (4217) (4223) (4225) (4228) (4231) (4235) (4239) (4243) (4252) (4258) (4268) (4274) (4277) (4291) (4294) (4296) (4301) (4305) (4310) (4312) (4326) (4329) (4336) (4340) (4343) (4347) (4354) (4361) (4365) (4375) (4390) (4394) (4399) (4402) (4405) (4410) (4413) (4416) (4418) (4433) (4446) (4450) (4456) (4461) (4463) (4465) (4467) (4481) (4503) (4506) (4519) (4522) (4528) (4540) (4544) (4556) (4590) (4595) (4597) (4603) (4605) (4607) (4613) (4618) (4620) (4624) (4627) (4634) (4640) (4646) (4651) (4657) (4661) (4668) (4673) (4677) (4683) (4685) (4688) (4697) (4701) (4706) (4715) (4720) (4722) (4726) (4734) (4737) (4747) (4752) (4755) (4759) (4761) (4764) (4766) (4772) (4774) (4778) (4781) (4785) (4789) (4791) (4793) (4796) (4801) (4803) (4812) (4815) (4817) (4819) (4822) (4825) (4829) (4831) (4833) (4840) (4845) (4853) (4856) (4862) (4865) (4872) (4875) (4884) (4886) (4890) (4899) (4911) (4918) (4920) (4927) (4932) (4937) (4943) (4948) (4951) (4958) (4965) (4969) (4972) (4977) (4979) (4983) (4986) (4988) (4997) (5008) (5013) (5018) (5023) (5028) (5033) (5039) (5045) (5051) (5054) (5057) (5061) (5067) (5071) (5075) (5084) (5088) (5097) (5099) (5105) (5108) (5110) (5114) (5121) (5126) (5134) (5137) (5141) (5147) (5151) (5153) (5155) (5159) (5163) (5167) (5174) (5177) (5180) (5186) (5188) (5190) (5193) (5196) (5198) (5200) (5205) (5208) (5216) (5222) (5226) (5228) (5232) (5236) (5239) (5245) (5250) (5253) (5259) (5265) (5270) (5276) (5280) (5287) (5289) (5292) (5297) (5303) (5307) (5313) (5316) (5320) (5323) (5328) (5342) (5344) (5357) (5359) (5363) (5366) (5368) (5372) (5376) (5381) (5383) (5390) (5393) (5395) (5398) (5404) (5406) (5411) (5427) (5432) (5434) (5436) (5440) (5446) (5452) (5463) (5470) (5474) (5479) (5484) (5487) (5490) (5496) (5501) (5507) (5509) (5511) (5513) (5516) (5523) (5525) (5527) (5533) (5541) (5547) (5551) (5555) (5560) (5566) (5568) (5572) (5577) (5585) (5589) (5592) (5595) (5602) (5605) (5609) (5612) (5616) (5623) (5627) (5632) (5635) (5643) (5649) (5661) (5665) (5667) (5680) (5684) (5690) (5692) (5701) (5704) (5706) (5710) (5715) (5721) (5726) (5729) (5731) (5733) (5738) (5741) (5743) (5745) (5750) (5754) (5759) (5765) (5767) (5770) (5775) (5777) (5781) (5786) (5789) (5791) (5794) (5799) (5803) (5808) (5810) (5816) (5821) (5825) (5830) (5837) (5861) (5884) (5889) (5891) (5894) (5896) (5899) (5902) (5905) (5908) (5911) (5916) (5918) (5923) (5925) (5931) (5935) (5939) (5950) (5955) (5957) (5964) (5972) (5975) (5978) (5986) (5988) (5993) (5998) (6003) (6008) (6010) (6018) (6023) (6027) (6037) (6039) (6044) (6049) (6059) (6065) (6073) (6075) (6091) (6095) (6099) (6104) (6109) (6120) (6127) (6130) (6133) (6136) (6139) (6143) (6145) (6147) (6152) (6155) (6159) (6161) (6166) (6170) (6184) (6187) (6195) (6201) (6205) (6209) (6212) (6217) (6219) (6223) (6226) (6229) (6264) (6270) (6272) (6276) (6291) (6294) (6306) (6308) (6311) (6314) (6322) (6329) (6333) (6337) (6340) (6342) (6352) (6357) (6363) (6367) (6369) (6372) (6377) (6382) (6389) (6392) (6395) (6399) (6406) (6409) (6411) (6413) (6415) (6422) (6427) (6432) (6434) (6442) (6445) (6453) (6456) (6461) (6468) (6470) (6474) (6480) (6484) (6488) (6490) (6493) (6502) (6505) (6510) (6513) (6519) (6524) (6531) (6535) (6539) (6542) (6544) (6550) (6560) (6584) (6599) (6609) (6616) (6619) (6621) (6624) (6629) (6631) (6634) (6637) (6640) (6645) (6648) (6651) (6654) (6658) (6660) (6667) (6669) (6672) (6676) (6678) (6682) (6684) (6688) (6694) (6701) (6705) (6708) (6712) (6714) (6718) (6723) (6726) (6732) (6734) (6738) (6744) (6748) (6754) (6758) (6761) (6767) (6771) (6773) (6777) (6783) (6792) (6796) (6798) (6802) (6804) (6814) (6817) (6822) (6827) (6832) (6836) (6838) (6840) (6842) (6844) (6848) (6851) (6853) (6855) (6857) (6859) (6874) (6877) (6879) (6881) (6921) (6928) (6937) (6940) (6945) (6948) (6951) (6953) (6959) (6964) (6974) (6976) (6979) (6982) (6984) (7001) (7003) (7008) (7011) (7014) (7016) (7021) (7027) (7036) (7041) (7047) (7053) (7056) (7060) (7064) (7071) (7075) (7080) (7082) (7087) (7090) (7094) (7099) (7107) (7109) (7113) (7119) (7123) (7126) (7128) (7131) (7139) (7143) (7148) (7156) (7159) (7162) (7166) (7172) (7178) (7180) (7183) (7189) (7196) (7199) (7212) (7221) (7223) (7238) (7291) (7294) (7298) (7304) (7310) (7316) (7321) (7325) (7327) (7338) (7343) (7378) (7386) (7390) (7395) (7398) (7407) (7409) (7413) (7416) (7424) (7432) (7442) (7445) (7447) (7453) (7459) (7461) (7464) (7467) (7469) (7472) (7476) (7481) (7485) (7488) (7490) (7492) (7496) (7499) (7505) (7512) (7520) (7523) (7526) (7529) (7532) (7535) (7538) (7552) (7555) (7560) (7567) (7578) (7581) (7589) (7591) (7594) (7600) (7603) (7608) (7611) (7619) (7621) (7625) (7630) (7634) (7639) (7641) (7646) (7649) (7653) (7660) (7662) (7665) (7667) (7669) (7673) (7676) (7682) (7684) (7689) (7699) (7703) (7705) (7707) (7712) (7719) (7726) (7734) (7752) (7759) (7780) (7786) (7793) (7872) (7875) (7877) (7882) (7957) (7964) (7966) (7971) (7973) (7975) (7977) (8096) (8102) (8107) (8113) (8117) (8122) (8126) (8131) (8133) (8137) (8140) (8159) (8164) (8166) (8174) (8181) (8183) (8186) (8188) (8235) (8245) (8248) (8252) (8257) (8260) (8268) (8275) (8278) (8281) (8299) (8341) (8343) (8350) (8359) (8365) (8369) (8375) (8381) (8384) (8389) (8393) (8398) (8401) (8403) (8409) (8416) (8418) (8423) (8426) (8429) (8433) (8435) (8437) (8447) (8449) (8452) (8456) (8458) (8462) (8467) (8470) (8474) (8476) (8482) (8485) (8488) (8493) (8498) (8503) (8506) (8508) (8514) (8517) (8521) (8524) (8529) (8532) (8550) (8552) (8568) (8571) (8577) (8591) (8600) (8604) (8606) (8610) (8613) (8618) (8620) (8624) (8627) (8629) (8631) (8635) (8642) (8650) (8655) (8658) (8676) (8678) (8686) (8688) (8694) (8698) (8701) (8703) (8706) (8709) (8715) (8718) (8723) (8725) (8732) (8736) (8740) (8747) (8753) (8760) (8765) (8771) (8777) (8780) (8784) (8787) (8791) (8797) (8801) (8804) (8808) (8811) (8817) (8819) (8821) (8825) (8827) (8831) (8836) (8846) (8850) (8852) (8856) (8860) (8862) (8865) (8868) (8876) (8880) (8892) (8898) (8902) (8909) (8913) (8918) (8921) (8923) (8926) (8930) (8935) (8941) (8943) (8948) (8954) (8958) (8962) (8967) (8969) (8971) (8973) (8978) (8980) (8985) (8995) (9000) (9003) (9005) (9012) (9014) (9017) (9020) (9023) (9026) (9029) (9035) (9038) (9045) (9051) (9059) (9073) (9077) (9080) (9101) (9104) (9110) (9113) (9120) (9123) (9125) (9143) (9150) (9154) (9157) (9161) (9164) (9167) (9170) (9176) (9185) (9187) (9192) (9200) (9203) (9207) (9216) (9221) (9233) (9239) (9242) (9247) (9254) (9259) (9261) (9265) (9268) (9272) (9279) (9283) (9291) (9301) (9305) (9312) (9316) (9322) (9326) (9328) (9331) (9338) (9342) (9346) (9351) (9358) (9364) (9374) (9378) (9381) (9383) (9386) (9391) (9394) (9398) (9401) (9403) (9406) (9411) (9416) (9420) (9423) (9427) (9430) (9432) (9439) (9442) (9446) (9449) (9453) (9457) (9461) (9466) (9469) (9472) (9477) (9482) (9487) (9492) (9495) (9499) (9501) (9503) (9514) (9528) (9531) (9542) (9561) (9563) (9567) (9571) (9574) (9579) (9584) (9596) (9600) (9612) (9616) (9618) (9638) (9645) (9647) (9655) (9700) (9708) (9720) (9728) (9734) (9738) (9744) (9747) (9753) (9756) (9759) (9761) (9768) (9775) (9795) (9798) (9804) (9809) (9811) (9813) (9817) (9820) (9829) (9840) (9843) (9845) (9862) (9866) (9869) (9877) (9880) (9888) (9890) (9898) (9902) (9907) (9909) (9914) (9918) (9924) (9929) (9944) (9948) (9950) (9952) (9964) (9966) (9969) (9973) (9980) (9990) (9998) 
(12) (17) (22) (28) (30) (39) (41) (45) (50) (52) (61) (63) (67) (69) (71) (74) (76) (79) (83) (86) (88) (94) (97) (99) (107) (109) (124) (126) (131) (147) (151) (153) (160) (169) (172) (174) (177) (179) (181) (195) (201) (208) (213) (216) (221) (225) (229) (232) (242) (245) (250) (255) (257) (260) (268) (276) (280) (344) (347) (368) (378) (389) (401) (405) (408) (415) (448) (450) (466) (469) (491) (543) (549) (554) (560) (563) (569) (586) (602) (616) (621) (628) (632) (669) (713) (718) (720) (732) (736) (743) (754) (766) (771) (777) (779) (783) (789) (793) (796) (801) (806) (811) (813) (848) (851) (853) (867) (890) (895) (899) (906) (909) (917) (920) (924) (927) (929) (933) (937) (940) (942) (950) (958) (962) (969) (973) (1016) (1046) (1049) (1070) (1073) (1076) (1106) (1114) (1219) (1332) (1398) (1402) (1440) (1444) (1448) (1450) (1452) (1462) (1465) (1467) (1561) (1594) (1598) (1607) (1671) (1686) (1689) (1750) (1753) (1756) (1761) (1765) (1776) (1799) (1811) (1816) (1827) (1834) (1846) (1862) (1864) (1870) (1894) (1896) (1900) (1904) (1909) (1913) (1917) (1926) (1928) (1932) (1934) (1998) (2005) (2009) (2113) (2135) (2140) (2210) (2214) (2467) (2506) (2508) (2512) (2516) (2525) (2540) (2549) (2554) (2569) (2575) (2584) (2586) (2589) (2594) (2596) (2665) (2676) (2680) (2685) (2690) (2730) (2733) (2735) (2740) (2780) (2807) (2813) (2815) (2819) (2822) (2862) (2866) (2870) (2880) (2882) (2885) (2911) (3007) (3027) (3031) (3039) (3043) (3045) (3050) (3055) (3061) (3064) (3068) (3077) (3079) (3081) (3083) (3085) (3089) (3092) (3095) (3101) (3110) (3115) (3121) (3543) (3547) (3552) (3560) (3571) (3581) (3588) (3698) (3736) (3763) (3771) (3777) (3784) (3801) (3803) (3809) (3811) (3817) (3820) (3822) (3826) (3846) (3928) (3931) (3945) (3953) (3960) (3968) (3970) (3974) (3985) (3990) (3994) (3998) (4003) (4006) (4009) (4015) (4024) (4026) (4029) (4047) (4049) (4054) (4063) (4066) (4076) (4120) (4123) (4132) (4136) (4139) (4180) (4183) (4186) (4196) (4200) (4207) (4227) (4308) (4328) (4406) (4588) (4599) (4601) (4617) (4632) (4635) (4637) (4642) (4645) (4647) (4649) (4653) (4655) (4660) (4663) (4672) (4675) (4678) (4682) (4687) (4690) (4699) (4705) (4711) (4714) (4716) (4723) (4729) (4777) (4779) (4784) (4787) (4797) (4799) (4808) (4824) (4826) (4828) (4839) (4860) (4863) (4871) (4877) (4921) (4923) (4928) (4940) (4945) (4963) (4967) (4980) (5030) (5038) (5044) (5047) (5059) (5063) (5072) (5077) (5087) (5089) (5093) (5100) (5107) (5112) (5118) (5123) (5142) (5157) (5160) (5179) (5181) (5203) (5231) (5233) (5238) (5252) (5258) (5260) (5262) (5266) (5271) (5275) (5277) (5281) (5285) (5306) (5308) (5312) (5319) (5321) (5399) (5407) (5443) (5450) (5457) (5459) (5464) (5467) (5476) (5481) (5504) (5553) (5557) (5564) (5570) (5573) (5576) (5579) (5608) (5611) (5615) (5617) (5624) (5626) (5630) (5633) (5636) (5641) (5644) (5713) (5717) (5722) (5746) (5752) (5758) (5761) (5782) (5820) (5882) (5921) (5958) (5961) (5966) (5992) (5995) (6002) (6006) (6013) (6019) (6026) (6028) (6150) (6153) (6156) (6334) (6401) (6405) (6407) (6436) (6478) (6487) (6491) (6516) (6534) (6623) (6625) (6674) (6679) (6693) (6698) (6704) (6724) (6737) (6751) (6756) (6760) (6762) (6765) (6768) (6775) (6782) (6806) (6811) (6815) (6819) (6821) (6825) (6828) (6830) (6833) (6850) (6942) (6954) (7057) (7063) (7068) (7073) (7103) (7116) (7121) (7130) (7175) (7391) (7412) (7415) (7418) (7486) (7680) (7701) (8100) (8104) (8120) (8125) (8136) (8142) (8253) (8344) (8348) (8355) (8358) (8360) (8379) (8385) (8388) (8394) (8422) (8424) (8427) (8455) (8461) (8471) (8484) (8486) (8509) (8516) (8518) (8520) (8525) (8527) (8530) (8626) (8637) (8726) (8731) (8735) (8739) (8742) (8748) (8762) (8783) (8786) (8788) (8792) (8807) (8810) (8813) (8844) (8847) (8855) (8857) (8867) (8872) (8875) (8878) (8882) (8890) (8893) (8895) (8899) (8916) (8924) (8934) (8936) (8944) (8964) (8975) (9019) (9069) (9199) (9232) (9234) (9237) (9240) (9246) (9250) (9286) (9323) (9385) (9388) (9390) (9393) (9409) (9412) (9415) (9421) (9438) (9441) (9444) (9447) (9462) (9465) (9471) (9474) (9481) (9485) (9488) (9496) (9721) (9724) (9746) (9818) (9894) (9910) (9917) (9920) (9925) 
(42) (65) (89) (92) (207) (3989) (4007) (6824) (8874) (8877) (8889) (8897) 

The max node is 10000
The min node is 1
The next node is 5388
The prev node is 5386
The time is 5386
AVL time is 0.009602 seconds


