9384 
887 9803 
493 2778 9583 9957 
28 541 1422 6916 9442 9677 9933 9959 
13 60 525 847 1394 2363 5387 7794 9413 9498 9669 9690 9842 9935 9958 10000 
1 20 29 337 499 538 546 869 926 1397 1531 2568 3927 6650 7764 8336 9391 9439 9471 9504 9615 9673 9686 9709 9812 9860 9934 9955 9970 
9 18 24 50 98 365 496 505 529 539 544 796 858 874 908 1314 1395 1418 1435 1874 2400 2652 3427 5212 5737 6863 7374 7765 8168 8691 9389 9392 9436 9441 9445 9480 9500 9530 9611 9632 9674 9684 9691 9773 9806 9830 9848 9918 9940 9956 9964 9971 
4 11 15 19 22 33 51 72 281 361 379 495 497 500 520 526 530 540 542 545 571 822 854 866 872 876 889 911 1088 1341 1415 1419 1433 1529 1730 2306 2380 2552 2619 2755 2863 3785 5124 5369 5435 6430 6809 6888 6997 7740 7771 8043 8316 8457 9173 9386 9390 9402 9427 9438 9440 9444 9452 9477 9486 9499 9502 9508 9568 9594 9614 9619 9634 9676 9681 9694 9757 9787 9804 9808 9820 9834 9847 9849 9905 9928 9939 9943 9963 9968 9977 
2 6 12 17 31 38 53 63 85 125 290 359 362 369 380 501 517 524 527 533 543 570 757 802 841 849 860 868 870 873 879 888 903 909 912 1012 1238 1327 1389 1411 1421 1424 1434 1501 1530 1660 1802 2246 2354 2378 2394 2405 2556 2601 2648 2727 2758 2847 3136 3527 3896 4068 5199 5307 5386 5404 5733 5783 6506 6653 6841 6874 6893 6966 7282 7540 7744 7770 7777 8032 8095 8271 8325 8445 8538 8981 9229 9385 9388 9399 9410 9416 9434 9449 9463 9475 9485 9493 9501 9503 9529 9560 9570 9592 9601 9612 9618 9620 9664 9678 9704 9755 9760 9781 9798 9811 9819 9827 9832 9836 9845 9852 9863 9909 9924 9929 9938 9951 9961 9967 9969 9973 9987 
5 7 30 35 43 52 57 61 70 82 91 100 198 283 295 347 360 366 377 461 513 518 521 528 531 534 564 676 784 798 807 839 846 848 852 867 871 877 881 898 906 922 974 1044 1096 1306 1321 1339 1361 1393 1401 1414 1426 1475 1522 1649 1706 1777 1861 2228 2299 2351 2362 2374 2387 2395 2401 2423 2554 2558 2591 2605 2623 2650 2686 2748 2761 2814 2854 3059 3368 3452 3751 3866 3921 3930 5012 5194 5211 5274 5322 5380 5394 5408 5500 5736 5772 6230 6492 6602 6652 6716 6837 6857 6869 6883 6913 6950 6988 7085 7302 7468 7670 7742 7754 7768 7776 7780 7857 8037 8083 8118 8229 8283 8321 8330 8441 8449 8491 8587 8815 9171 9180 9356 9398 9401 9406 9411 9415 9422 9429 9446 9459 9466 9474 9482 9491 9495 9518 9541 9562 9577 9588 9593 9599 9610 9616 9627 9650 9665 9680 9702 9707 9745 9756 9759 9765 9778 9782 9794 9810 9816 9829 9831 9833 9839 9843 9850 9854 9861 9876 9907 9912 9921 9925 9936 9945 9953 9965 9983 9993 
39 49 54 58 62 67 71 73 84 86 95 99 110 164 254 288 293 298 338 348 368 372 378 429 484 511 514 532 537 552 568 614 710 775 792 800 805 817 828 844 851 853 880 882 897 902 919 923 965 992 1040 1082 1091 1128 1256 1313 1319 1325 1336 1355 1387 1392 1398 1403 1413 1425 1430 1473 1492 1520 1523 1627 1654 1693 1724 1747 1797 1840 1863 1937 2232 2293 2301 2337 2352 2357 2367 2377 2383 2399 2403 2408 2505 2564 2574 2597 2604 2607 2622 2642 2651 2662 2699 2736 2752 2762 2806 2843 2852 2855 2903 3070 3318 3369 3438 3466 3585 3774 3794 3882 3899 3922 3928 4023 4422 5061 5129 5197 5200 5239 5293 5316 5364 5375 5384 5390 5401 5405 5423 5437 5645 5734 5764 5776 6092 6414 6438 6504 6553 6620 6651 6709 6726 6816 6838 6852 6858 6866 6871 6877 6886 6899 6915 6925 6964 6971 6991 7035 7277 7285 7370 7446 7489 7606 7685 7745 7756 7775 7784 7797 7918 8033 8041 8047 8090 8098 8150 8207 8236 8280 8286 8320 8324 8326 8335 8366 8448 8451 8465 8523 8543 8625 8777 8928 9108 9175 9225 9300 9380 9394 9404 9409 9412 9417 9423 9431 9448 9456 9461 9465 9468 9472 9481 9487 9492 9496 9516 9519 9539 9546 9561 9564 9575 9579 9587 9590 9596 9600 9603 9617 9631 9644 9652 9679 9701 9705 9708 9719 9753 9763 9766 9777 9785 9790 9797 9809 9813 9817 9837 9840 9844 9862 9874 9878 9908 9910 9916 9920 9937 9944 9947 9952 9966 9980 9989 9998 
40 45 55 59 64 68 78 83 88 94 97 109 116 128 180 238 271 287 289 291 294 297 309 340 354 371 375 418 444 479 489 510 515 551 560 565 569 607 640 689 724 758 776 790 794 801 806 810 819 825 836 885 894 899 917 920 924 931 968 988 998 1018 1042 1064 1087 1090 1095 1101 1223 1245 1282 1309 1315 1323 1328 1338 1352 1356 1383 1402 1410 1427 1431 1468 1487 1495 1516 1521 1528 1537 1639 1653 1656 1683 1704 1713 1727 1743 1762 1784 1798 1806 1853 1862 1868 1900 2184 2229 2245 2262 2298 2300 2303 2326 2339 2353 2364 2369 2375 2382 2384 2397 2407 2409 2498 2536 2560 2565 2571 2588 2592 2598 2602 2618 2620 2640 2645 2660 2672 2687 2716 2734 2742 2751 2753 2764 2799 2807 2830 2845 2848 2862 2872 2922 3060 3075 3276 3325 3417 3429 3447 3453 3507 3556 3744 3769 3779 3789 3811 3876 3891 3920 3924 3941 4044 4325 4920 5058 5085 5126 5190 5196 5198 5206 5218 5267 5291 5297 5315 5317 5344 5368 5372 5376 5383 5388 5392 5398 5406 5422 5426 5436 5487 5591 5662 5747 5768 5773 5777 5858 6125 6328 6425 6432 6467 6497 6505 6540 6594 6608 6641 6659 6711 6718 6785 6815 6834 6840 6849 6856 6859 6873 6876 6881 6895 6912 6914 6918 6932 6951 6970 6983 6990 6995 7018 7058 7179 7279 7284 7290 7344 7373 7387 7463 7469 7506 7588 7638 7673 7714 7747 7757 7772 7793 7796 7829 7889 7982 8039 8045 8051 8089 8092 8096 8110 8140 8158 8203 8210 8233 8264 8277 8281 8284 8303 8318 8323 8327 8356 8419 8446 8450 8456 8459 8469 8519 8535 8539 8582 8607 8627 8737 8805 8830 8934 8997 9151 9178 9189 9227 9293 9321 9366 9382 9393 9396 9403 9420 9424 9430 9433 9447 9454 9457 9462 9470 9488 9510 9517 9520 9532 9540 9543 9552 9563 9567 9572 9584 9609 9635 9645 9651 9660 9700 9717 9720 9748 9761 9772 9774 9783 9792 9795 9818 9869 9877 9884 9913 9917 9950 9990 
41 65 69 77 79 87 89 92 108 115 123 127 155 173 182 236 245 263 280 286 296 307 324 346 353 357 416 425 432 451 462 488 492 509 547 556 562 597 608 637 658 682 691 714 744 764 781 789 793 809 813 821 826 831 883 886 890 895 929 953 966 969 976 991 993 1010 1015 1033 1043 1053 1076 1084 1089 1092 1121 1156 1234 1239 1255 1270 1299 1307 1310 1316 1324 1335 1337 1350 1353 1358 1380 1386 1404 1428 1441 1469 1477 1490 1493 1500 1503 1536 1575 1632 1642 1658 1663 1691 1695 1705 1708 1722 1725 1729 1736 1746 1755 1764 1778 1791 1801 1805 1833 1851 1860 1864 1869 1887 1932 2063 2216 2235 2261 2291 2294 2302 2304 2325 2327 2338 2347 2366 2368 2372 2381 2418 2461 2500 2533 2539 2561 2567 2569 2585 2590 2593 2603 2613 2621 2635 2644 2647 2653 2661 2670 2677 2698 2701 2724 2729 2735 2739 2744 2766 2787 2803 2812 2820 2834 2844 2851 2858 2870 2891 2905 2955 3063 3074 3094 3259 3312 3321 3349 3377 3418 3428 3436 3440 3448 3460 3494 3513 3542 3564 3623 3749 3760 3770 3778 3783 3788 3791 3808 3851 3871 3880 3887 3892 3900 3923 3926 3934 3997 4031 4048 4287 4371 4730 4931 5022 5059 5083 5101 5152 5191 5204 5207 5217 5237 5266 5270 5276 5292 5305 5308 5319 5341 5351 5366 5381 5389 5393 5395 5399 5407 5418 5425 5434 5483 5488 5569 5625 5658 5668 5741 5761 5765 5771 5775 5778 5789 6030 6122 6227 6249 6341 6422 6429 6434 6446 6488 6494 6500 6533 6551 6591 6597 6611 6621 6645 6658 6683 6710 6712 6719 6749 6788 6814 6829 6836 6839 6846 6851 6854 6878 6897 6909 6923 6926 6949 6952 6967 6981 6985 6996 6998 7020 7053 7070 7132 7200 7278 7281 7288 7291 7322 7362 7372 7376 7399 7458 7465 7488 7491 7517 7568 7604 7626 7648 7678 7687 7722 7753 7758 7774 7785 7819 7830 7869 7915 7972 8005 8050 8068 8099 8112 8131 8143 8157 8160 8180 8206 8209 8225 8231 8235 8258 8265 8276 8278 8292 8314 8317 8339 8364 8391 8422 8447 8453 8458 8462 8467 8481 8507 8521 8531 8540 8575 8586 8594 8612 8626 8661 8700 8763 8795 8809 8820 8859 8930 8945 8988 9052 9126 9158 9176 9182 9215 9226 9228 9232 9297 9302 9337 9365 9369 9381 9383 9421 9432 9453 9469 9509 9513 9525 9531 9534 9542 9544 9555 9571 9574 9605 9640 9646 9657 9711 9730 9747 9771 9775 9791 9793 9865 9879 9896 9914 9949 
42 76 105 114 121 124 126 153 159 165 178 181 184 227 237 243 251 261 270 273 305 314 336 344 350 400 419 428 431 436 449 457 470 486 490 507 550 554 559 563 574 603 611 635 638 648 670 680 686 700 711 721 733 752 763 770 778 783 811 820 827 835 927 939 961 971 975 983 995 1001 1014 1017 1019 1036 1049 1063 1071 1080 1083 1093 1118 1124 1153 1172 1233 1236 1244 1247 1258 1281 1288 1305 1311 1334 1344 1354 1368 1382 1385 1409 1439 1449 1476 1485 1488 1491 1494 1498 1515 1534 1560 1609 1628 1634 1640 1643 1661 1677 1690 1699 1709 1718 1728 1735 1737 1744 1752 1760 1769 1785 1795 1799 1826 1835 1843 1852 1857 1870 1878 1899 1901 1934 2037 2091 2196 2219 2233 2239 2255 2275 2292 2297 2314 2335 2340 2350 2410 2421 2434 2492 2499 2501 2507 2534 2541 2566 2583 2587 2589 2595 2610 2614 2624 2639 2655 2668 2673 2680 2696 2700 2712 2723 2725 2732 2740 2743 2747 2773 2782 2791 2800 2804 2813 2817 2823 2832 2836 2857 2861 2867 2881 2901 2920 2925 2997 3061 3065 3073 3084 3110 3206 3272 3304 3317 3320 3322 3334 3350 3371 3415 3419 3430 3439 3445 3449 3459 3462 3484 3500 3511 3517 3530 3543 3559 3567 3619 3731 3746 3750 3758 3767 3771 3777 3782 3784 3787 3790 3800 3809 3827 3859 3869 3874 3879 3881 3883 3889 3895 3903 3925 3932 3935 3971 4019 4030 4043 4046 4058 4082 4290 4341 4396 4482 4915 4922 4995 5015 5055 5082 5084 5098 5116 5148 5154 5192 5203 5205 5210 5214 5219 5238 5251 5271 5275 5290 5300 5306 5309 5320 5326 5342 5345 5353 5367 5382 5397 5413 5424 5433 5475 5484 5495 5551 5580 5610 5631 5652 5659 5663 5730 5739 5744 5753 5766 5770 5781 5787 5857 5929 6043 6105 6124 6220 6229 6235 6250 6336 6349 6415 6423 6427 6433 6436 6441 6464 6485 6489 6493 6499 6502 6507 6535 6549 6583 6592 6596 6601 6609 6617 6622 6648 6657 6677 6705 6713 6725 6733 6762 6798 6811 6826 6830 6843 6848 6850 6853 6855 6880 6898 6907 6921 6930 6943 6953 6968 6975 6982 6984 7006 7028 7036 7056 7064 7072 7089 7135 7191 7270 7280 7295 7315 7336 7352 7367 7371 7375 7378 7395 7419 7447 7459 7464 7467 7484 7490 7495 7516 7523 7557 7584 7590 7622 7630 7642 7666 7676 7683 7686 7698 7717 7733 7751 7761 7787 7815 7825 7833 7858 7884 7893 7917 7956 7974 7989 8028 8054 8079 8108 8117 8130 8132 8142 8148 8154 8159 8161 8176 8190 8204 8224 8227 8230 8242 8261 8268 8275 8288 8296 8312 8315 8338 8342 8359 8365 8378 8399 8434 8452 8455 8461 8473 8485 8500 8515 8520 8526 8532 8541 8572 8578 8583 8590 8603 8609 8621 8628 8682 8697 8712 8744 8776 8778 8803 8808 8811 8817 8826 8851 8900 8933 8942 8947 8987 8994 9022 9081 9118 9135 9155 9160 9186 9208 9219 9292 9295 9298 9301 9315 9335 9343 9357 9367 9370 9514 9521 9528 9533 9536 9553 9557 9606 9639 9641 9647 9655 9710 9716 9723 9731 9746 9768 9864 9866 9880 9886 9902 9948 
74 107 111 117 141 162 169 177 179 183 193 217 232 240 246 252 260 262 264 277 301 306 311 323 335 351 382 404 422 430 441 447 450 458 463 472 487 491 549 596 600 605 630 636 642 656 660 675 681 683 687 697 704 712 716 722 728 738 745 755 759 769 773 777 779 812 928 937 948 959 962 973 978 984 994 997 1000 1007 1016 1022 1037 1047 1052 1054 1069 1073 1078 1115 1122 1126 1138 1155 1162 1174 1226 1235 1237 1241 1246 1250 1257 1265 1273 1285 1289 1303 1332 1342 1362 1379 1381 1436 1440 1444 1452 1478 1486 1497 1499 1504 1535 1542 1565 1599 1626 1630 1633 1636 1644 1662 1667 1680 1689 1696 1701 1711 1715 1719 1739 1745 1750 1753 1757 1761 1766 1771 1787 1793 1810 1827 1834 1839 1841 1848 1859 1877 1885 1893 1930 1933 2010 2041 2072 2173 2188 2198 2226 2234 2236 2252 2256 2273 2281 2295 2309 2316 2332 2336 2346 2349 2415 2419 2422 2429 2440 2476 2497 2502 2506 2529 2540 2548 2581 2584 2586 2594 2596 2608 2616 2627 2636 2658 2664 2676 2685 2691 2697 2710 2714 2719 2730 2733 2767 2776 2781 2785 2789 2796 2801 2816 2819 2822 2824 2831 2835 2837 2859 2865 2879 2887 2895 2907 2924 2927 2960 3034 3064 3068 3071 3079 3092 3108 3134 3203 3246 3260 3274 3292 3309 3316 3324 3333 3340 3364 3370 3376 3379 3416 3422 3442 3446 3455 3470 3486 3496 3504 3508 3514 3519 3529 3538 3555 3557 3563 3566 3568 3615 3622 3730 3741 3752 3765 3768 3781 3786 3798 3805 3810 3814 3828 3853 3862 3868 3872 3878 3885 3902 3917 3931 3940 3951 3982 4011 4021 4027 4032 4047 4050 4063 4072 4260 4293 4340 4347 4394 4413 4429 4568 4819 4917 4921 4923 4946 5001 5014 5019 5054 5056 5063 5091 5099 5106 5123 5140 5149 5153 5172 5193 5208 5216 5224 5248 5261 5282 5303 5313 5321 5324 5335 5343 5348 5352 5359 5410 5414 5430 5473 5479 5485 5491 5498 5543 5563 5579 5589 5596 5618 5630 5641 5649 5656 5661 5667 5711 5731 5738 5740 5743 5745 5750 5754 5767 5782 5786 5819 5895 5937 6040 6058 6093 6108 6123 6144 6221 6228 6231 6239 6305 6329 6340 6343 6404 6419 6424 6440 6443 6449 6466 6472 6487 6490 6528 6534 6539 6542 6550 6580 6586 6593 6600 6615 6619 6627 6646 6654 6666 6680 6689 6708 6714 6723 6729 6743 6755 6764 6795 6800 6822 6827 6833 6842 6844 6879 6902 6908 6928 6940 6947 6957 6974 6978 7002 7017 7024 7033 7052 7055 7057 7060 7068 7071 7075 7087 7091 7136 7185 7195 7256 7272 7294 7301 7309 7320 7335 7340 7345 7361 7364 7368 7386 7393 7396 7410 7423 7452 7460 7473 7485 7492 7501 7509 7522 7526 7541 7561 7582 7587 7589 7602 7611 7623 7631 7640 7644 7662 7668 7674 7682 7684 7691 7709 7716 7720 7723 7737 7752 7760 7763 7786 7812 7818 7823 7828 7837 7864 7876 7887 7890 7903 7916 7931 7968 7973 7976 7983 8001 8024 8031 8052 8056 8075 8107 8113 8122 8139 8147 8152 8156 8166 8175 8185 8191 8216 8239 8254 8259 8262 8290 8294 8297 8306 8340 8347 8358 8360 8372 8383 8395 8413 8428 8438 8470 8474 8482 8489 8499 8501 8510 8516 8524 8530 8567 8574 8577 8585 8593 8595 8606 8610 8617 8624 8658 8675 8686 8694 8698 8702 8721 8739 8753 8767 8790 8801 8804 8807 8810 8813 8818 8824 8829 8840 8853 8873 8903 8937 8943 8970 8985 8990 8996 9007 9037 9054 9087 9115 9123 9127 9145 9154 9157 9169 9184 9187 9205 9212 9217 9222 9251 9296 9305 9317 9326 9340 9344 9359 9368 9373 9607 9638 9721 9728 9736 9868 9885 9889 9900 
75 118 140 152 161 166 172 174 187 197 213 225 229 242 250 255 269 276 304 312 320 331 381 393 402 412 421 438 445 448 460 469 471 475 590 599 602 604 606 615 632 644 652 659 662 674 684 692 699 703 708 713 718 732 737 741 746 753 756 761 767 772 774 933 947 951 958 960 981 986 1003 1009 1020 1028 1046 1051 1056 1065 1070 1075 1077 1102 1117 1132 1143 1154 1161 1167 1173 1184 1225 1227 1242 1248 1252 1261 1267 1271 1276 1296 1343 1367 1377 1443 1446 1450 1467 1482 1505 1552 1564 1569 1592 1606 1615 1635 1637 1648 1666 1669 1678 1681 1686 1703 1720 1742 1756 1765 1774 1790 1792 1794 1807 1812 1845 1879 1889 1895 1927 1973 2022 2038 2043 2064 2087 2134 2182 2187 2191 2197 2201 2224 2227 2248 2257 2268 2274 2278 2284 2308 2311 2315 2323 2328 2342 2348 2411 2417 2427 2433 2438 2451 2471 2491 2494 2503 2516 2531 2542 2549 2576 2632 2637 2665 2684 2690 2693 2705 2711 2720 2771 2775 2780 2784 2790 2792 2802 2815 2841 2866 2877 2880 2882 2889 2894 2896 2906 2913 2952 2958 2973 3003 3037 3077 3081 3091 3103 3125 3135 3178 3204 3237 3257 3269 3273 3275 3287 3293 3308 3315 3329 3339 3347 3355 3365 3374 3383 3420 3423 3441 3454 3456 3467 3481 3485 3487 3495 3497 3502 3505 3516 3523 3533 3541 3545 3562 3580 3590 3616 3621 3682 3737 3762 3795 3802 3806 3813 3824 3848 3856 3861 3873 3877 3886 3905 3919 3939 3944 3960 3979 3991 4004 4018 4020 4025 4029 4038 4049 4056 4062 4066 4071 4081 4233 4279 4291 4311 4329 4343 4350 4388 4397 4417 4428 4444 4539 4587 4770 4879 4919 4928 4938 4978 4996 5003 5013 5016 5021 5027 5057 5064 5089 5097 5100 5105 5109 5118 5136 5141 5151 5155 5187 5221 5236 5247 5250 5260 5262 5278 5287 5312 5323 5330 5340 5355 5362 5412 5416 5429 5432 5445 5474 5476 5481 5489 5497 5529 5546 5552 5568 5570 5588 5595 5609 5613 5623 5626 5635 5644 5666 5692 5721 5732 5742 5746 5752 5756 5796 5850 5885 5906 5933 5940 6036 6053 6060 6096 6106 6119 6128 6191 6222 6241 6273 6310 6333 6337 6342 6344 6368 6411 6442 6445 6448 6458 6468 6481 6491 6514 6529 6538 6546 6572 6581 6585 6587 6599 6616 6618 6625 6630 6664 6676 6678 6682 6688 6702 6707 6724 6732 6734 6747 6754 6759 6777 6789 6797 6804 6820 6825 6828 6832 6903 6939 6942 6946 6948 6954 6959 6976 6979 7001 7005 7010 7023 7026 7037 7061 7073 7081 7090 7108 7143 7184 7187 7193 7196 7206 7266 7275 7293 7298 7303 7314 7316 7321 7331 7339 7341 7351 7358 7363 7365 7384 7390 7397 7409 7416 7434 7451 7455 7461 7471 7480 7487 7496 7503 7508 7510 7520 7524 7535 7543 7560 7566 7570 7583 7592 7603 7608 7617 7625 7634 7639 7641 7646 7661 7663 7667 7669 7680 7688 7693 7700 7711 7718 7725 7735 7738 7759 7798 7814 7821 7835 7855 7861 7874 7879 7886 7892 7894 7905 7919 7935 7965 7971 7975 7977 7985 7999 8004 8012 8026 8029 8055 8065 8071 8076 8106 8115 8120 8128 8133 8146 8151 8155 8165 8171 8183 8188 8192 8211 8217 8237 8240 8243 8255 8260 8289 8291 8293 8299 8304 8309 8341 8343 8348 8369 8375 8381 8389 8393 8398 8412 8418 8423 8433 8436 8471 8475 8483 8487 8492 8503 8508 8514 8517 8525 8527 8549 8570 8592 8600 8604 8614 8618 8645 8662 8681 8690 8699 8701 8706 8719 8723 8742 8752 8760 8765 8774 8781 8794 8800 8819 8821 8825 8827 8835 8847 8852 8857 8861 8899 8902 8926 8935 8941 8944 8956 8978 8989 8991 8995 9000 9017 9028 9042 9068 9082 9098 9110 9116 9119 9125 9129 9137 9148 9162 9170 9185 9193 9206 9211 9214 9216 9218 9221 9223 9243 9263 9306 9316 9320 9322 9327 9338 9342 9354 9358 9362 9371 9374 9724 9734 9742 9888 9890 9898 
119 137 150 160 171 175 186 188 195 211 216 221 230 259 267 303 322 327 332 387 397 401 405 415 437 467 580 592 627 643 645 651 654 667 702 707 709 719 735 742 748 754 766 771 935 944 950 979 985 987 1005 1021 1027 1029 1055 1059 1066 1110 1130 1137 1139 1150 1158 1164 1168 1180 1198 1230 1264 1275 1295 1298 1366 1448 1451 1456 1479 1512 1547 1557 1563 1568 1572 1590 1598 1602 1607 1611 1617 1638 1646 1665 1668 1674 1687 1702 1773 1775 1788 1811 1817 1846 1880 1888 1894 1896 1925 1928 1962 1994 2014 2031 2039 2042 2054 2070 2083 2089 2123 2135 2174 2190 2193 2200 2211 2247 2249 2259 2267 2272 2276 2282 2290 2313 2321 2324 2329 2341 2343 2413 2425 2428 2432 2436 2439 2444 2459 2462 2473 2482 2493 2495 2504 2509 2526 2532 2545 2575 2631 2634 2702 2721 2794 2839 2874 2883 2893 2909 2917 2950 2957 2959 2965 2996 3000 3011 3051 3078 3080 3082 3089 3102 3112 3131 3145 3191 3222 3245 3254 3258 3261 3282 3288 3294 3305 3313 3328 3336 3341 3348 3352 3363 3373 3382 3413 3469 3475 3483 3492 3498 3506 3520 3524 3534 3539 3547 3560 3577 3581 3588 3611 3618 3663 3715 3732 3740 3761 3764 3801 3803 3812 3819 3826 3843 3850 3854 3857 3915 3918 3942 3950 3954 3970 3974 3980 3984 3995 3999 4009 4012 4024 4026 4033 4040 4054 4065 4070 4074 4099 4235 4267 4286 4296 4315 4327 4338 4346 4348 4368 4376 4390 4411 4416 4419 4426 4436 4472 4501 4567 4581 4684 4763 4795 4820 4893 4918 4927 4932 4945 4970 4985 4997 5009 5018 5024 5039 5067 5088 5093 5108 5110 5121 5132 5137 5144 5156 5186 5189 5220 5223 5230 5245 5258 5265 5277 5280 5285 5288 5329 5333 5339 5354 5357 5361 5363 5411 5415 5427 5440 5465 5490 5496 5512 5540 5545 5547 5555 5566 5574 5585 5592 5606 5612 5617 5624 5627 5634 5639 5643 5665 5678 5705 5713 5726 5758 5792 5798 5831 5854 5884 5893 5901 5922 5931 5936 5939 5985 6033 6037 6047 6056 6059 6082 6095 6102 6111 6120 6126 6140 6160 6218 6225 6240 6243 6260 6290 6307 6313 6331 6334 6339 6348 6356 6377 6405 6412 6447 6455 6462 6469 6477 6483 6509 6519 6531 6543 6547 6561 6577 6584 6589 6624 6629 6632 6661 6665 6668 6679 6684 6700 6704 6738 6744 6748 6751 6758 6761 6774 6781 6791 6796 6803 6806 6817 6821 6824 6904 6937 6945 6962 7003 7008 7011 7021 7027 7044 7063 7079 7082 7097 7128 7138 7178 7181 7190 7192 7194 7199 7201 7218 7260 7268 7273 7305 7310 7325 7333 7338 7343 7347 7355 7359 7391 7398 7403 7413 7418 7429 7441 7454 7456 7472 7479 7482 7486 7498 7502 7504 7511 7530 7537 7542 7544 7564 7567 7569 7571 7591 7598 7610 7621 7655 7665 7689 7695 7699 7706 7712 7719 7724 7729 7734 7807 7834 7836 7851 7870 7875 7878 7883 7885 7895 7912 7928 7946 7959 7966 7984 7987 7991 8003 8010 8013 8027 8061 8069 8072 8100 8124 8134 8145 8164 8174 8182 8186 8199 8212 8219 8251 8257 8307 8311 8344 8355 8371 8379 8387 8394 8402 8415 8426 8431 8435 8437 8476 8484 8486 8488 8497 8502 8506 8509 8518 8529 8546 8550 8568 8571 8591 8605 8613 8619 8629 8657 8665 8676 8689 8705 8710 8718 8722 8727 8740 8747 8755 8762 8771 8780 8785 8791 8797 8831 8838 8846 8848 8855 8860 8866 8879 8907 8936 8955 8968 8977 8979 9004 9016 9018 9024 9029 9039 9049 9063 9079 9084 9096 9101 9112 9121 9124 9132 9142 9146 9150 9161 9165 9190 9197 9207 9235 9246 9261 9278 9308 9318 9324 9333 9349 9364 9376 9738 9744 9894 
130 143 151 208 214 223 256 266 268 302 386 388 410 466 575 588 591 593 620 628 647 650 655 669 701 720 736 743 940 980 1004 1006 1057 1104 1111 1129 1136 1141 1147 1152 1160 1175 1182 1188 1199 1262 1464 1511 1545 1550 1555 1559 1561 1566 1578 1591 1594 1601 1605 1613 1671 1776 1814 1821 1883 1903 1926 1948 1963 1991 2003 2012 2015 2026 2036 2040 2044 2062 2067 2075 2084 2101 2125 2161 2177 2204 2212 2250 2270 2277 2289 2345 2412 2426 2430 2442 2446 2452 2460 2464 2474 2479 2484 2508 2513 2524 2629 2704 2793 2885 2892 2910 2916 2919 2934 2951 2966 2984 3002 3004 3025 3038 3055 3083 3086 3095 3119 3128 3133 3142 3169 3182 3196 3216 3226 3242 3250 3256 3266 3281 3291 3295 3326 3335 3337 3342 3353 3362 3404 3414 3473 3477 3490 3493 3522 3525 3535 3540 3548 3575 3606 3612 3639 3680 3683 3721 3733 3739 3763 3818 3820 3833 3847 3855 3908 3916 3943 3947 3953 3959 3961 3990 3994 3998 4003 4008 4016 4037 4041 4069 4073 4076 4090 4177 4241 4265 4277 4281 4295 4304 4314 4316 4326 4328 4336 4351 4370 4374 4386 4392 4401 4415 4418 4423 4432 4443 4466 4473 4487 4525 4553 4571 4584 4614 4714 4760 4764 4790 4813 4858 4883 4905 4933 4940 4950 4977 4979 4986 5005 5011 5023 5034 5048 5070 5087 5107 5113 5134 5142 5147 5166 5177 5188 5222 5228 5232 5241 5254 5259 5281 5289 5327 5334 5337 5358 5443 5458 5470 5507 5524 5539 5541 5549 5553 5558 5564 5567 5573 5576 5594 5602 5608 5611 5616 5632 5636 5677 5681 5696 5707 5720 5724 5728 5759 5790 5794 5806 5822 5845 5853 5856 5880 5890 5894 5896 5905 5917 5928 5935 5976 5995 6035 6039 6044 6051 6054 6057 6067 6088 6099 6104 6110 6117 6127 6129 6142 6158 6190 6203 6219 6223 6226 6247 6258 6268 6278 6296 6306 6308 6312 6318 6354 6365 6369 6383 6410 6413 6451 6457 6461 6470 6474 6480 6484 6510 6516 6523 6544 6555 6570 6573 6578 6588 6623 6631 6635 6660 6667 6670 6686 6693 6701 6735 6756 6760 6767 6775 6783 6792 6802 6819 6905 7016 7043 7047 7080 7095 7107 7124 7129 7141 7173 7180 7183 7189 7198 7204 7209 7227 7258 7264 7304 7308 7330 7357 7406 7412 7414 7424 7432 7437 7442 7453 7476 7481 7499 7505 7514 7527 7532 7539 7550 7573 7597 7601 7619 7652 7656 7694 7704 7707 7728 7732 7800 7810 7850 7852 7871 7877 7882 7920 7929 7938 7947 7957 7960 7988 7990 7992 8002 8011 8015 8057 8062 8070 8102 8126 8135 8181 8187 8195 8215 8222 8246 8252 8350 8384 8388 8400 8409 8416 8425 8427 8429 8493 8498 8505 8544 8548 8561 8620 8642 8652 8674 8679 8688 8703 8708 8715 8725 8733 8748 8784 8786 8792 8837 8844 8850 8856 8864 8872 8875 8894 8925 8953 8958 8969 8973 8980 9003 9005 9011 9020 9023 9026 9031 9038 9045 9051 9061 9073 9080 9083 9086 9091 9099 9102 9113 9120 9131 9138 9143 9147 9163 9167 9192 9196 9200 9233 9241 9247 9258 9270 9282 9312 9323 9331 9347 9350 9378 
129 132 147 203 258 392 407 577 585 589 594 616 621 942 1105 1113 1135 1140 1146 1149 1181 1183 1187 1193 1207 1263 1457 1465 1506 1549 1556 1577 1587 1595 1813 1816 1820 1824 1881 1906 1943 1957 1969 1987 1992 1997 2009 2021 2025 2030 2035 2051 2056 2066 2073 2081 2086 2093 2112 2133 2141 2162 2175 2178 2203 2207 2213 2287 2441 2445 2449 2458 2468 2475 2477 2481 2483 2486 2512 2517 2525 2912 2933 2940 2974 2987 3009 3019 3027 3044 3054 3085 3087 3099 3115 3120 3138 3144 3150 3174 3180 3183 3194 3199 3214 3221 3223 3229 3240 3243 3280 3289 3303 3356 3398 3409 3479 3488 3552 3569 3591 3607 3613 3634 3661 3667 3709 3719 3727 3736 3815 3823 3830 3841 3845 3909 3945 3949 3957 3969 3985 4006 4015 4017 4089 4097 4173 4226 4239 4258 4264 4272 4280 4285 4294 4297 4310 4312 4317 4330 4359 4375 4399 4402 4425 4431 4433 4438 4448 4467 4478 4486 4493 4524 4536 4549 4563 4570 4574 4582 4585 4600 4678 4694 4724 4759 4762 4769 4783 4791 4803 4814 4823 4873 4888 4900 4909 4935 4943 4947 4969 4975 4982 4987 5006 5010 5028 5038 5047 5052 5080 5112 5114 5160 5170 5174 5178 5227 5231 5234 5253 5328 5451 5464 5467 5505 5510 5521 5527 5534 5557 5560 5572 5577 5604 5615 5633 5669 5680 5691 5701 5706 5710 5715 5722 5729 5791 5801 5813 5821 5826 5835 5862 5882 5889 5891 5899 5904 5915 5918 5923 5949 5982 5990 6024 6034 6038 6048 6052 6066 6068 6084 6089 6109 6116 6131 6143 6148 6159 6171 6197 6216 6244 6252 6259 6261 6272 6277 6287 6291 6300 6311 6314 6324 6351 6355 6357 6367 6376 6382 6385 6409 6450 6452 6456 6478 6511 6524 6556 6568 6576 6633 6637 6669 6673 6694 6737 6765 6772 6782 7013 7038 7093 7100 7112 7127 7131 7139 7142 7152 7175 7202 7208 7210 7219 7228 7261 7265 7329 7407 7415 7438 7443 7513 7529 7533 7538 7547 7554 7572 7576 7594 7600 7620 7649 7653 7660 7703 7705 7726 7731 7799 7806 7809 7846 7854 7872 7923 7936 7945 7950 7964 7995 8018 8104 8125 8137 8245 8248 8253 8385 8401 8404 8417 8424 8558 8565 8633 8650 8655 8672 8678 8687 8709 8716 8724 8726 8732 8736 8783 8787 8836 8862 8865 8867 8874 8876 8884 8898 8922 8948 8954 8963 8971 8975 9001 9014 9019 9035 9059 9069 9075 9089 9094 9104 9130 9139 9164 9199 9203 9234 9239 9242 9250 9256 9260 9268 9271 9280 9288 9328 9346 9348 9353 
131 201 207 257 390 408 586 941 1109 1112 1114 1133 1148 1186 1192 1205 1212 1460 1466 1509 1584 1882 1904 1918 1938 1956 1958 1965 1971 1983 1989 1993 1996 2001 2005 2019 2024 2029 2033 2046 2053 2059 2065 2074 2092 2096 2111 2119 2132 2140 2160 2168 2210 2214 2286 2454 2465 2485 2487 2521 2911 2930 2937 2943 2977 2993 3008 3016 3022 3033 3043 3045 3101 3121 3137 3141 3147 3166 3173 3175 3184 3192 3198 3201 3208 3220 3224 3234 3239 3302 3392 3401 3405 3410 3573 3597 3609 3631 3638 3641 3662 3665 3675 3706 3714 3717 3726 3728 3816 3821 3829 3832 3838 3846 3911 3955 3965 3986 4007 4084 4092 4098 4155 4174 4221 4229 4236 4256 4261 4268 4274 4283 4299 4305 4320 4354 4366 4404 4440 4447 4463 4477 4479 4489 4496 4512 4527 4537 4548 4552 4557 4566 4569 4572 4577 4586 4590 4604 4640 4681 4685 4696 4719 4726 4736 4761 4768 4780 4789 4792 4802 4812 4816 4822 4851 4862 4875 4885 4890 4897 4902 4912 4937 4948 4952 4972 4980 4983 4988 5008 5033 5043 5051 5074 5081 5157 5165 5167 5171 5176 5182 5226 5233 5252 5446 5452 5459 5501 5508 5511 5514 5523 5525 5531 5538 5605 5674 5689 5704 5717 5799 5805 5808 5816 5820 5825 5830 5842 5860 5874 5897 5902 5914 5916 5921 5924 5947 5961 5980 5987 5991 6009 6027 6049 6065 6072 6091 6130 6132 6147 6152 6170 6181 6195 6198 6211 6217 6246 6251 6257 6265 6271 6275 6285 6294 6299 6301 6320 6352 6359 6372 6381 6387 6408 6453 6513 6558 6562 6634 6638 6672 6674 6698 6769 6773 7015 7042 7092 7094 7099 7103 7109 7115 7125 7130 7145 7162 7217 7224 7243 7326 7408 7445 7512 7546 7552 7556 7575 7579 7701 7804 7842 7848 7853 7940 7949 7954 7994 7998 8020 8136 8403 8551 8559 8631 8635 8653 8669 8677 8731 8735 8788 8868 8878 8880 8892 8895 8909 8923 8961 8967 8972 9013 9077 9088 9092 9095 9201 9237 9240 9254 9259 9265 9272 9279 9283 9291 9330 9351 
389 1107 1134 1185 1191 1202 1210 1221 1458 1463 1585 1915 1922 1941 1954 1959 1966 1972 1974 1984 1990 1995 1998 2002 2007 2032 2034 2045 2049 2052 2057 2061 2095 2098 2105 2113 2121 2138 2142 2167 2467 2490 2928 2931 2935 2942 2945 2976 2982 2990 2994 3007 3018 3024 3032 3039 3047 3139 3148 3163 3172 3189 3200 3202 3207 3210 3238 3296 3386 3394 3399 3403 3406 3412 3571 3594 3599 3624 3632 3635 3659 3670 3678 3695 3722 3817 3822 3968 3989 4083 4088 4091 4096 4117 4167 4176 4214 4222 4228 4231 4247 4275 4282 4284 4301 4309 4318 4324 4365 4367 4407 4441 4445 4462 4464 4481 4488 4492 4507 4514 4526 4529 4538 4545 4551 4555 4562 4565 4580 4588 4596 4603 4605 4637 4654 4683 4686 4698 4716 4720 4729 4733 4754 4765 4778 4781 4787 4793 4801 4811 4815 4817 4827 4855 4860 4864 4877 4884 4886 4894 4899 4903 4910 4914 4951 4957 5032 5044 5071 5075 5159 5161 5181 5450 5457 5463 5504 5509 5513 5519 5526 5533 5670 5676 5684 5690 5703 5803 5812 5828 5840 5844 5859 5861 5872 5876 5910 5925 5942 5952 5973 5979 5986 5989 5992 6008 6011 6026 6028 6071 6073 6136 6146 6150 6157 6163 6176 6182 6201 6205 6215 6245 6253 6264 6270 6274 6276 6280 6292 6297 6322 6361 6370 6388 6407 6560 6563 6640 6768 6771 7014 7040 7113 7120 7126 7148 7156 7164 7216 7220 7225 7236 7251 7327 7555 7578 7581 7841 7844 7942 7951 7997 8019 8021 8552 8630 8636 8666 8670 8877 8882 8890 8893 8897 8917 8924 8962 8964 9012 9266 9286 
1106 1108 1201 1204 1217 1222 1462 1586 1910 1917 1919 1942 1949 1967 1977 1985 2058 2060 2099 2104 2110 2153 2165 2488 2936 2941 2944 2946 2975 2981 2995 3017 3023 3031 3040 3050 3151 3164 3170 3186 3209 3298 3385 3391 3400 3592 3596 3605 3629 3643 3668 3676 3679 3684 3703 4086 4113 4141 4159 4170 4175 4188 4219 4223 4227 4243 4255 4308 4364 4405 4410 4446 4455 4465 4506 4510 4523 4528 4530 4544 4546 4556 4593 4597 4601 4606 4629 4651 4668 4682 4688 4697 4713 4715 4722 4732 4734 4740 4758 4766 4772 4779 4784 4788 4798 4808 4818 4826 4836 4854 4857 4863 4866 4904 4911 4968 5030 5045 5072 5077 5163 5179 5516 5673 5809 5837 5841 5843 5867 5873 5877 5908 5911 5946 5951 5956 5970 5975 5978 5988 5993 5996 6010 6023 6079 6135 6139 6145 6154 6161 6169 6175 6179 6188 6207 6212 6256 6363 6389 6406 7039 7041 7119 7123 7157 7167 7214 7221 7232 7242 7248 7943 8022 8637 8889 8912 8918 
1214 1218 1909 1913 1976 1978 2102 2108 2148 2159 2164 2947 2979 3028 3160 3171 3188 3297 3299 3389 3593 3601 3625 3645 3694 3697 3704 4101 4115 4134 4149 4164 4172 4187 4210 4216 4224 4252 4363 4406 4408 4452 4456 4503 4509 4511 4520 4533 4543 4595 4599 4608 4627 4636 4644 4653 4665 4674 4687 4690 4703 4721 4723 4737 4747 4755 4775 4785 4796 4799 4824 4834 4841 4853 4856 4865 4872 4967 5180 5810 5868 5879 5950 5954 5957 5964 5972 6004 6022 6076 6133 6137 6153 6156 6165 6174 6178 6185 6209 6255 6397 7116 7121 7158 7166 7168 7212 7223 7230 7235 7237 7244 7250 8023 8913 8921 
1219 1980 2107 2152 2158 2163 2978 3158 3161 3387 3628 3646 3692 3701 3705 4100 4108 4114 4124 4140 4147 4150 4166 4184 4192 4212 4217 4225 4361 4450 4454 4461 4505 4519 4522 4534 4540 4607 4611 4626 4634 4642 4647 4657 4673 4675 4701 4711 4742 4752 4774 4777 4797 4825 4832 4840 4845 4871 4960 5870 5955 5959 5966 5998 6006 6018 6074 6078 6155 6166 6173 6177 6184 6187 6393 6399 7160 7172 7222 7239 7247 8916 8919 
1982 2149 2156 3157 3162 3653 3698 3702 4106 4110 4123 4126 4138 4146 4152 4165 4181 4186 4191 4201 4213 4458 4613 4620 4632 4635 4645 4648 4655 4661 4670 4677 4699 4705 4746 4750 4773 4829 4833 4839 4958 4961 5958 5999 6013 6019 6075 6077 6392 6395 6401 7159 7238 
1981 2155 3152 3655 4104 4107 4112 4120 4125 4130 4137 4139 4142 4151 4179 4183 4194 4202 4619 4624 4646 4649 4658 4663 4672 4706 4828 4831 4965 6003 6390 
3153 3654 3657 4102 4111 4121 4131 4136 4180 4195 4208 4618 4622 4660 4830 4963 6002 
3154 3656 4133 4196 4206 4617 
4132 4198 4207 
4200 

Min node is: 1
Next node is: 9384
Max node is: 10000

